3 0.451171875 0.0703125 0.07421875 0.08203125
3 0.50390625 0.2734375 0.07421875 0.1015625
0 0.521484375 0.361328125 0.078125 0.10546875
0 0.552734375 0.46875 0.08203125 0.1171875
3 0.583984375 0.576171875 0.078125 0.1015625
2 0.615234375 0.68359375 0.0703125 0.11328125
0 0.34375 0.05859375 0.05078125 0.109375
3 0.296875 0.046875 0.05078125 0.09375
3 0.3359375 0.166015625 0.07421875 0.08984375
6 0.390625 0.357421875 0.0703125 0.1171875
0 0.46875 0.6953125 0.0703125 0.07421875
3 0.529296875 0.87890625 0.08203125 0.10546875
3 0.4375 0.498046875 0.0546875 0.0625
3 0.453125 0.609375 0.0625 0.06640625