2 0.6484375 0.91796875 0.1015625 0.0625
3 0.67578125 0.822265625 0.0859375 0.0625
3 0.68359375 0.7109375 0.09765625 0.0703125
2 0.779296875 0.44140625 0.078125 0.05078125
3 0.3828125 0.203125 0.0703125 0.09765625
3 0.697265625 0.33984375 0.05859375 0.08984375
6 0.654296875 0.322265625 0.0625 0.09375
3 0.60546875 0.306640625 0.05859375 0.08984375
3 0.30078125 0.169921875 0.0625 0.09765625
1 0.2421875 0.185546875 0.05078125 0.08984375
3 0.19921875 0.158203125 0.0546875 0.08984375
0 0.158203125 0.119140625 0.0546875 0.0859375
6 0.109375 0.115234375 0.0625 0.10546875
0 0.056640625 0.08984375 0.05859375 0.09375