3 0.126953125 0.275390625 0.05859375 0.09765625
3 0.173828125 0.28515625 0.05859375 0.10546875
3 0.232421875 0.296875 0.046875 0.08984375
3 0.29296875 0.3046875 0.046875 0.1015625
3 0.349609375 0.31640625 0.0625 0.1015625
3 0.40625 0.337890625 0.0546875 0.1015625
3 0.4609375 0.337890625 0.078125 0.08984375
3 0.521484375 0.353515625 0.046875 0.109375
2 0.60546875 0.373046875 0.04296875 0.109375
2 0.66015625 0.384765625 0.0546875 0.09765625
3 0.615234375 0.658203125 0.08203125 0.1171875
3 0.93359375 0.0625 0.078125 0.08984375
3 0.9765625 0.0703125 0.046875 0.1171875