3 0.375 0.2578125 0.0703125 0.12109375
3 0.3515625 0.373046875 0.0625 0.10546875
3 0.32421875 0.4921875 0.06640625 0.1171875
3 0.294921875 0.6484375 0.05859375 0.11328125
6 0.568359375 0.22265625 0.125 0.0703125
6 0.56640625 0.29296875 0.12890625 0.0625
6 0.55078125 0.357421875 0.1171875 0.07421875
3 0.53515625 0.427734375 0.125 0.05859375
3 0.525390625 0.478515625 0.109375 0.078125
3 0.5 0.56640625 0.10546875 0.1015625
3 0.46875 0.73046875 0.1015625 0.08203125
3 0.44921875 0.81640625 0.10546875 0.08203125