3 0.2265625 0.26171875 0.0625 0.12109375
3 0.31640625 0.2890625 0.0625 0.1328125
3 0.392578125 0.30859375 0.06640625 0.140625
3 0.47265625 0.298828125 0.0625 0.1171875
3 0.537109375 0.306640625 0.05859375 0.13671875
6 0.609375 0.3203125 0.06640625 0.14453125
0 0.10546875 0.677734375 0.05859375 0.10546875
3 0.17578125 0.673828125 0.05859375 0.1015625
0 0.3203125 0.72265625 0.0546875 0.12109375
0 0.392578125 0.724609375 0.06640625 0.125
5 0.466796875 0.740234375 0.06640625 0.1328125
5 0.5859375 0.767578125 0.07421875 0.140625
0 0.654296875 0.765625 0.05859375 0.10546875
5 0.71484375 0.794921875 0.05078125 0.0703125
6 0.923828125 0.841796875 0.0625 0.1328125