3 0.060546875 0.54296875 0.0859375 0.10546875
3 0.123046875 0.5546875 0.07421875 0.09765625
3 0.197265625 0.5703125 0.08203125 0.09375
3 0.267578125 0.580078125 0.08984375 0.10546875
3 0.349609375 0.5859375 0.07421875 0.1015625
4 0.421875 0.587890625 0.08984375 0.15625
1 0.74609375 0.6015625 0.13671875 0.0859375
0 0.494140625 0.6328125 0.07421875 0.09765625
3 0.564453125 0.650390625 0.09375 0.10546875
3 0.6328125 0.662109375 0.08203125 0.10546875
3 0.7109375 0.6796875 0.08203125 0.09765625
3 0.818359375 0.923828125 0.0546875 0.1171875
3 0.404296875 0.2265625 0.10546875 0.0703125
3 0.9453125 0.146484375 0.07421875 0.09375
3 0.869140625 0.134765625 0.09375 0.12109375
3 0.796875 0.109375 0.0859375 0.109375
3 0.658203125 0.0859375 0.08984375 0.125
3 0.578125 0.06640625 0.08984375 0.10546875
3 0.4921875 0.046875 0.10546875 0.09375
6 0.41796875 0.0390625 0.09765625 0.078125
3 0.0390625 0.013671875 0.05859375 0.02734375
3 0.09765625 0.01171875 0.0625 0.0234375
3 0.158203125 0.015625 0.06640625 0.03125
3 0.21484375 0.015625 0.0625 0.03125
3 0.27734375 0.017578125 0.06640625 0.03515625
6 0.33203125 0.015625 0.0625 0.03125