2 0.337890625 0.1875 0.10546875 0.0703125
3 0.41796875 0.21875 0.07421875 0.0625
3 0.494140625 0.24609375 0.08984375 0.06640625
3 0.32421875 0.23046875 0.09375 0.0546875
3 0.41015625 0.2578125 0.08203125 0.0546875
3 0.478515625 0.28515625 0.08203125 0.05859375
3 0.31640625 0.275390625 0.09765625 0.0625
3 0.3984375 0.298828125 0.08203125 0.05859375
3 0.46875 0.326171875 0.08984375 0.0625
3 0.30859375 0.314453125 0.09375 0.05859375
3 0.390625 0.34375 0.0859375 0.05859375
3 0.46484375 0.369140625 0.08203125 0.05859375
3 0.19921875 0.34765625 0.05859375 0.09765625
3 0.234375 0.361328125 0.05859375 0.09765625
3 0.26953125 0.376953125 0.0625 0.08984375
3 0.3125 0.390625 0.046875 0.09375
3 0.35546875 0.400390625 0.05859375 0.09375
3 0.396484375 0.4140625 0.0625 0.0859375
3 0.43359375 0.427734375 0.06640625 0.0859375
3 0.486328125 0.447265625 0.04296875 0.0859375
3 0.171875 0.181640625 0.07421875 0.06640625
3 0.08984375 0.302734375 0.0546875 0.1015625
3 0.0625 0.408203125 0.0625 0.09765625
3 0.154296875 0.638671875 0.08984375 0.07421875
3 0.134765625 0.578125 0.1171875 0.06640625
3 0.234375 0.611328125 0.09375 0.0703125
3 0.330078125 0.63671875 0.08984375 0.0625
3 0.248046875 0.67578125 0.11328125 0.078125
3 0.35546875 0.708984375 0.109375 0.0703125
3 0.439453125 0.7109375 0.05859375 0.09765625
3 0.59765625 0.82421875 0.06640625 0.08984375
3 0.140625 0.705078125 0.09375 0.06640625
3 0.224609375 0.7421875 0.09765625 0.0703125
2 0.111328125 0.7734375 0.10546875 0.07421875
3 0.1484375 0.216796875 0.05859375 0.05078125
2 0.134765625 0.251953125 0.07421875 0.046875