3 0.80859375 0.126953125 0.1171875 0.0703125
3 0.79296875 0.185546875 0.125 0.0703125
3 0.77734375 0.2421875 0.11328125 0.0859375
0 0.771484375 0.3046875 0.12890625 0.08203125
3 0.75390625 0.408203125 0.109375 0.05859375
3 0.734375 0.451171875 0.1171875 0.0703125
3 0.716796875 0.51171875 0.11328125 0.06640625
3 0.70703125 0.57421875 0.1171875 0.0625
3 0.69140625 0.62109375 0.125 0.05859375
3 0.6953125 0.685546875 0.1171875 0.08203125
3 0.982421875 0.111328125 0.03515625 0.0546875
3 0.974609375 0.1640625 0.05078125 0.0546875
3 0.96875 0.22265625 0.0625 0.05859375
3 0.96484375 0.2890625 0.0703125 0.05859375
3 0.958984375 0.33984375 0.08203125 0.07421875
3 0.919921875 0.6796875 0.09765625 0.08203125