3 0.646484375 0.11328125 0.08984375 0.08203125
3 0.869140625 0.373046875 0.0546875 0.08984375
3 0.712890625 0.322265625 0.04296875 0.078125
3 0.318359375 0.162109375 0.078125 0.08984375
3 0.1171875 0.1015625 0.06640625 0.09765625
6 0.818359375 0.34765625 0.05078125 0.08984375
1 0.5703125 0.287109375 0.109375 0.09765625
6 0.41796875 0.033203125 0.1015625 0.0625
0 0.52734375 0.07421875 0.09375 0.0703125
0 0.265625 0.15234375 0.0703125 0.078125
0 0.0625 0.08984375 0.0390625 0.08984375
3 0.498046875 0.232421875 0.046875 0.09765625
3 0.171875 0.123046875 0.05078125 0.09375
3 0.4453125 0.77734375 0.0546875 0.09375