3 0.15625 0.146484375 0.140625 0.09375
5 0.349609375 0.1875 0.12109375 0.08203125
3 0.37109375 0.244140625 0.10546875 0.078125
3 0.42578125 0.29296875 0.09765625 0.08203125
3 0.494140625 0.458984375 0.11328125 0.09765625
0 0.30078125 0.6484375 0.13671875 0.10546875
2 0.263671875 0.498046875 0.11328125 0.0859375
5 0.609375 0.5703125 0.08203125 0.125
4 0.732421875 0.826171875 0.1875 0.2578125
3 0.916015625 0.6484375 0.125 0.1015625
3 0.96875 0.822265625 0.0625 0.07421875
3 0.15234375 0.26171875 0.1015625 0.05859375