2 0.900390625 0.5 0.05859375 0.1015625
3 0.814453125 0.509765625 0.05078125 0.1015625
0 0.767578125 0.51953125 0.05859375 0.10546875
0 0.66015625 0.51171875 0.05078125 0.1171875
0 0.609375 0.509765625 0.0546875 0.109375
3 0.560546875 0.521484375 0.046875 0.10546875
3 0.505859375 0.501953125 0.0546875 0.11328125
3 0.458984375 0.470703125 0.05078125 0.09375
3 0.396484375 0.51171875 0.09765625 0.05859375
3 0.490234375 0.63671875 0.09765625 0.078125
3 0.40234375 0.646484375 0.0859375 0.0703125
3 0.330078125 0.642578125 0.0859375 0.09765625
0 0.18359375 0.578125 0.0625 0.1171875
0 0.271484375 0.44140625 0.05078125 0.09375
0 0.333984375 0.2578125 0.10546875 0.06640625
3 0.44921875 0.236328125 0.1171875 0.05078125
3 0.509765625 0.404296875 0.04296875 0.08203125
0 0.46484375 0.375 0.05078125 0.09765625
0 0.412109375 0.349609375 0.06640625 0.1015625
5 0.337890625 0.30859375 0.1171875 0.0546875
3 0.408203125 0.71484375 0.11328125 0.0625
3 0.421875 0.783203125 0.1015625 0.0625
3 0.5703125 0.923828125 0.1015625 0.06640625
3 0.572265625 0.740234375 0.1171875 0.05859375
3 0.6171875 0.6640625 0.109375 0.0859375
3 0.828125 0.673828125 0.0859375 0.0859375
3 0.900390625 0.68359375 0.08984375 0.109375
3 0.9609375 0.693359375 0.078125 0.1015625
5 0.732421875 0.66015625 0.09765625 0.0625
3 0.25390625 0.193359375 0.05859375 0.09375