3 0.05859375 0.73828125 0.09375 0.0859375
0 0.095703125 0.791015625 0.08984375 0.08203125
3 0.46875 0.875 0.07421875 0.1015625
3 0.5234375 0.845703125 0.078125 0.08203125
3 0.669921875 0.763671875 0.08203125 0.1015625
3 0.748046875 0.701171875 0.0703125 0.08203125
3 0.80078125 0.681640625 0.078125 0.0859375
3 0.736328125 0.953125 0.07421875 0.08984375
3 0.787109375 0.927734375 0.08203125 0.0859375
6 0.80859375 0.890625 0.09375 0.1171875
3 0.859375 0.875 0.078125 0.09765625
3 0.919921875 0.849609375 0.0703125 0.09765625
3 0.96484375 0.814453125 0.0703125 0.09765625
6 0.68359375 0.970703125 0.0625 0.05859375