3 0.111328125 0.09765625 0.06640625 0.12109375
3 0.0703125 0.298828125 0.0703125 0.1171875
0 0.30078125 0.056640625 0.125 0.0625
3 0.2890625 0.107421875 0.13671875 0.0546875
3 0.283203125 0.162109375 0.11328125 0.0546875
3 0.267578125 0.21875 0.12109375 0.078125
3 0.23046875 0.384765625 0.11328125 0.08203125
3 0.193359375 0.583984375 0.109375 0.0703125
0 0.185546875 0.638671875 0.12890625 0.0625
3 0.166015625 0.693359375 0.12109375 0.0703125
3 0.1484375 0.748046875 0.12109375 0.0703125
3 0.09765625 0.892578125 0.12109375 0.078125