2 0.078125 0.482421875 0.09765625 0.046875
3 0.1640625 0.50390625 0.0390625 0.0546875
3 0.474609375 0.5703125 0.08984375 0.05078125
3 0.8515625 0.6171875 0.08203125 0.06640625
6 0.69921875 0.626953125 0.09375 0.046875
4 0.734375 0.736328125 0.1015625 0.05859375
0 0.07421875 0.6015625 0.09765625 0.046875
3 0.408203125 0.6640625 0.10546875 0.0546875
3 0.8359375 0.9296875 0.05078125 0.09765625
0 0.919921875 0.818359375 0.05078125 0.0859375
2 0.978515625 0.837890625 0.04296875 0.03125
2 0.98046875 0.884765625 0.0390625 0.03515625
2 0.970703125 0.94140625 0.05859375 0.04296875
2 0.96484375 0.990234375 0.0625 0.01953125
4 0.296875 0.640625 0.08984375 0.046875