3 0.794921875 0.185546875 0.1015625 0.06640625
2 0.169921875 0.28515625 0.1171875 0.07421875
6 0.38671875 0.361328125 0.109375 0.07421875
3 0.505859375 0.396484375 0.1015625 0.0703125
6 0.275390625 0.40625 0.11328125 0.08203125
3 0.029296875 0.5546875 0.05859375 0.109375
6 0.36328125 0.666015625 0.078125 0.1015625
3 0.4140625 0.681640625 0.0625 0.09765625
3 0.458984375 0.69921875 0.06640625 0.109375
3 0.52734375 0.728515625 0.0859375 0.109375
3 0.576171875 0.52734375 0.08984375 0.07421875
3 0.833984375 0.666015625 0.11328125 0.07421875
3 0.81640625 0.705078125 0.10546875 0.05859375
3 0.80859375 0.740234375 0.109375 0.06640625
3 0.79296875 0.787109375 0.10546875 0.05859375
0 0.78515625 0.8359375 0.109375 0.0703125
3 0.681640625 0.84375 0.08984375 0.08984375
3 0.025390625 0.7890625 0.05078125 0.09375
3 0.05859375 0.798828125 0.0625 0.09765625
3 0.09765625 0.8125 0.0546875 0.08984375
0 0.1484375 0.8359375 0.0703125 0.1171875
0 0.216796875 0.86328125 0.06640625 0.12109375
0 0.265625 0.876953125 0.0546875 0.09765625
3 0.310546875 0.89453125 0.0625 0.09375
3 0.376953125 0.908203125 0.05859375 0.08984375
3 0.44140625 0.931640625 0.0546875 0.10546875
3 0.4921875 0.94140625 0.0703125 0.109375
6 0.548828125 0.951171875 0.0546875 0.09765625