0 0.1953125 0.400390625 0.12890625 0.15234375
3 0.3203125 0.533203125 0.078125 0.140625
3 0.517578125 0.435546875 0.0625 0.140625
3 0.59375 0.41015625 0.0859375 0.140625
3 0.86328125 0.47265625 0.12890625 0.10546875
6 0.130859375 0.8671875 0.15234375 0.1171875
6 0.267578125 0.80859375 0.13671875 0.125
3 0.375 0.728515625 0.10546875 0.10546875
3 0.455078125 0.716796875 0.12890625 0.1171875
3 0.568359375 0.6640625 0.12890625 0.09375
5 0.701171875 0.580078125 0.13671875 0.109375
5 0.62890625 0.623046875 0.13671875 0.11328125
3 0.818359375 0.521484375 0.140625 0.11328125
3 0.4921875 0.03125 0.12109375 0.05859375