3 0.458984375 0.044921875 0.05859375 0.08984375
0 0.58984375 0.03515625 0.0546875 0.0703125
0 0.552734375 0.123046875 0.05859375 0.09375
5 0.2578125 0.283203125 0.08203125 0.05859375
0 0.314453125 0.099609375 0.09375 0.07421875
3 0.158203125 0.046875 0.1015625 0.0625
0 0.14453125 0.109375 0.0859375 0.05859375
0 0.427734375 0.447265625 0.06640625 0.09765625
3 0.369140625 0.5859375 0.0625 0.09765625
3 0.32421875 0.708984375 0.0625 0.1015625
0 0.2734375 0.818359375 0.06640625 0.09375
3 0.1171875 0.896484375 0.0546875 0.09375