3 0.560546875 0.3359375 0.10546875 0.078125
3 0.404296875 0.298828125 0.08203125 0.10546875
3 0.298828125 0.23046875 0.09375 0.06640625
3 0.189453125 0.240234375 0.08984375 0.06640625
0 0.16015625 0.193359375 0.08984375 0.0625
0 0.115234375 0.12890625 0.08203125 0.1015625
5 0.064453125 0.388671875 0.125 0.0703125
5 0.17578125 0.5546875 0.12890625 0.1015625
1 0.2578125 0.705078125 0.125 0.0859375
1 0.224609375 0.625 0.109375 0.08203125
5 0.326171875 0.7890625 0.1015625 0.078125
3 0.515625 0.78125 0.078125 0.08984375
3 0.541015625 0.880859375 0.09765625 0.09765625
3 0.59765625 0.97265625 0.0625 0.0546875