3 0.306640625 0.212890625 0.05859375 0.1015625
0 0.314453125 0.384765625 0.05859375 0.1015625
5 0.33203125 0.4921875 0.06640625 0.1015625
5 0.333984375 0.6015625 0.05078125 0.11328125
3 0.333984375 0.705078125 0.046875 0.09765625
3 0.158203125 0.9296875 0.10546875 0.05859375
5 0.630859375 0.912109375 0.12890625 0.05859375
0 0.736328125 0.890625 0.09765625 0.0703125
0 0.89453125 0.88671875 0.109375 0.0625
3 0.365234375 0.021484375 0.1015625 0.04296875
0 0.462890625 0.01953125 0.08984375 0.0390625
0 0.55078125 0.013671875 0.08203125 0.02734375
3 0.65625 0.01953125 0.09765625 0.0390625
5 0.416015625 0.921875 0.1015625 0.0625