5 0.451171875 0.140625 0.10546875 0.1328125
5 0.6875 0.087890625 0.11328125 0.1328125
4 0.17578125 0.1796875 0.140625 0.0859375
3 0.18359375 0.244140625 0.1328125 0.0859375
3 0.13671875 0.310546875 0.11328125 0.0625
3 0.05859375 0.416015625 0.078125 0.12109375
3 0.107421875 0.419921875 0.06640625 0.12109375
3 0.09765625 0.642578125 0.1015625 0.10546875
3 0.17578125 0.650390625 0.08203125 0.10546875
3 0.244140625 0.6484375 0.0703125 0.1015625
3 0.30859375 0.634765625 0.06640625 0.10546875
2 0.509765625 0.546875 0.13671875 0.09765625
3 0.599609375 0.576171875 0.078125 0.12109375
3 0.66015625 0.576171875 0.05859375 0.1015625
3 0.712890625 0.568359375 0.06640625 0.1171875
3 0.76953125 0.5703125 0.078125 0.1015625
6 0.828125 0.54296875 0.08984375 0.125
3 0.88671875 0.546875 0.0859375 0.11328125
3 0.939453125 0.533203125 0.06640625 0.1171875
2 0.341796875 0.427734375 0.0703125 0.1171875
5 0.404296875 0.412109375 0.0859375 0.109375
5 0.326171875 0.26953125 0.13671875 0.0703125
3 0.65234375 0.296875 0.08203125 0.109375
3 0.7109375 0.283203125 0.06640625 0.09375
3 0.7890625 0.126953125 0.109375 0.0859375
6 0.818359375 0.2421875 0.05859375 0.10546875
3 0.86328125 0.23828125 0.0625 0.11328125
2 0.9453125 0.19140625 0.109375 0.1171875
5 0.869140625 0.634765625 0.11328125 0.05859375