3 0.060546875 0.12109375 0.0625 0.09765625
3 0.427734375 0.232421875 0.06640625 0.109375
3 0.63671875 0.2578125 0.046875 0.09765625
3 0.3984375 0.375 0.07421875 0.11328125
3 0.365234375 0.583984375 0.09375 0.0546875
3 0.361328125 0.640625 0.10546875 0.0546875
3 0.33984375 0.7109375 0.09375 0.05859375
3 0.751953125 0.240234375 0.05078125 0.06640625
3 0.80859375 0.240234375 0.04296875 0.08203125
3 0.873046875 0.2734375 0.0390625 0.0390625
3 0.91796875 0.283203125 0.046875 0.046875
3 0.587890625 0.45703125 0.05078125 0.09375
3 0.56640625 0.541015625 0.05859375 0.09765625
3 0.533203125 0.66796875 0.05859375 0.09765625
3 0.271484375 0.13671875 0.05859375 0.0859375
3 0.369140625 0.205078125 0.04296875 0.10546875
3 0.16796875 0.12109375 0.0546875 0.0703125
3 0.26953125 0.021484375 0.08984375 0.04296875
0 0.509765625 0.771484375 0.0859375 0.09375