3 0.119140625 0.4765625 0.140625 0.05078125
5 0.103515625 0.591796875 0.12890625 0.06640625
3 0.4609375 0.478515625 0.10546875 0.05859375
5 0.58984375 0.4765625 0.09375 0.05859375
1 0.291015625 0.474609375 0.140625 0.06640625
5 0.5 0.5859375 0.125 0.0625
3 0.87109375 0.47265625 0.12109375 0.0625
5 0.91796875 0.201171875 0.09765625 0.05078125
5 0.9140625 0.2578125 0.0859375 0.05078125
5 0.919921875 0.30859375 0.08984375 0.04296875
5 0.919921875 0.3671875 0.0859375 0.0546875
5 0.908203125 0.419921875 0.12109375 0.0546875
5 0.9140625 0.15234375 0.0703125 0.046875