0 0.30078125 0.0234375 0.0859375 0.046875
0 0.115234375 0.337890625 0.11328125 0.09765625
0 0.744140625 0.392578125 0.09765625 0.078125
3 0.53125 0.279296875 0.11328125 0.07421875
3 0.82421875 0.33203125 0.08984375 0.0703125
3 0.927734375 0.423828125 0.09765625 0.0703125
3 0.54296875 0.5859375 0.05078125 0.11328125
3 0.26953125 0.6484375 0.11328125 0.06640625
3 0.216796875 0.87109375 0.09765625 0.07421875
3 0.689453125 0.599609375 0.05078125 0.08984375
3 0.76953125 0.615234375 0.04296875 0.09765625