3 0.080078125 0.02734375 0.11328125 0.0546875
3 0.0859375 0.080078125 0.1171875 0.05859375
0 0.09375 0.14453125 0.140625 0.0703125
2 0.09765625 0.255859375 0.125 0.06640625
5 0.11328125 0.3046875 0.1015625 0.0703125
5 0.115234375 0.357421875 0.0859375 0.07421875
3 0.107421875 0.4296875 0.08984375 0.0625
5 0.12890625 0.5078125 0.1328125 0.1171875
5 0.126953125 0.591796875 0.12109375 0.0859375
5 0.111328125 0.671875 0.08203125 0.06640625
5 0.103515625 0.794921875 0.08203125 0.07421875
5 0.103515625 0.873046875 0.1015625 0.0546875
0 0.080078125 0.943359375 0.13671875 0.07421875
3 0.3515625 0.052734375 0.125 0.05078125
3 0.3515625 0.119140625 0.12109375 0.0703125
5 0.35546875 0.17578125 0.1171875 0.05859375
0 0.3671875 0.244140625 0.1328125 0.0703125
5 0.361328125 0.298828125 0.10546875 0.05859375
0 0.384765625 0.361328125 0.12109375 0.05859375
2 0.373046875 0.416015625 0.1328125 0.06640625
0 0.384765625 0.474609375 0.10546875 0.0546875
2 0.3828125 0.52734375 0.13671875 0.0625
3 0.376953125 0.58203125 0.1171875 0.05078125
3 0.388671875 0.65625 0.12890625 0.0625
6 0.390625 0.708984375 0.140625 0.0625
2 0.482421875 0.658203125 0.06640625 0.12109375
3 0.65625 0.65234375 0.10546875 0.08203125
3 0.73828125 0.591796875 0.046875 0.1015625
3 0.787109375 0.544921875 0.046875 0.109375
5 0.884765625 0.560546875 0.11328125 0.1015625