2 0.951171875 0.01953125 0.09765625 0.0390625
3 0.943359375 0.068359375 0.09375 0.05078125
3 0.9140625 0.15625 0.08984375 0.05859375
0 0.90234375 0.2421875 0.09375 0.0546875
0 0.89453125 0.287109375 0.08984375 0.0546875
6 0.89453125 0.33984375 0.09765625 0.05078125
3 0.876953125 0.39453125 0.09375 0.0546875
3 0.857421875 0.490234375 0.08203125 0.046875
3 0.8515625 0.541015625 0.1015625 0.0546875
0 0.849609375 0.59765625 0.09375 0.0546875
5 0.83203125 0.658203125 0.1015625 0.0546875
3 0.82421875 0.7109375 0.10546875 0.05078125
3 0.814453125 0.763671875 0.1015625 0.06640625
3 0.802734375 0.818359375 0.09375 0.05859375
3 0.787109375 0.873046875 0.09375 0.05078125
6 0.76953125 0.921875 0.10546875 0.06640625
6 0.76171875 0.9765625 0.0859375 0.046875