3 0.26953125 0.15625 0.046875 0.0703125
3 0.212890625 0.37890625 0.05078125 0.08984375
3 0.1796875 0.53125 0.046875 0.08203125
3 0.26171875 0.5703125 0.04296875 0.09375
3 0.119140625 0.76171875 0.05078125 0.08984375
3 0.208984375 0.8515625 0.0390625 0.078125
0 0.0859375 0.9296875 0.05078125 0.09375
3 0.93359375 0.138671875 0.06640625 0.07421875
3 0.916015625 0.19140625 0.05859375 0.07421875
3 0.900390625 0.244140625 0.0625 0.0859375
2 0.8828125 0.314453125 0.0703125 0.09765625
2 0.873046875 0.380859375 0.05859375 0.078125
3 0.8515625 0.44140625 0.0703125 0.07421875
6 0.82421875 0.65625 0.05078125 0.09375
3 0.7890625 0.830078125 0.0390625 0.078125