2 0.33984375 0.33203125 0.11328125 0.109375
3 0.365234375 0.291015625 0.11328125 0.08984375
3 0.3984375 0.263671875 0.12109375 0.09375
2 0.421875 0.2109375 0.109375 0.09765625
0 0.443359375 0.1640625 0.09765625 0.08984375
2 0.484375 0.095703125 0.10546875 0.0859375
3 0.509765625 0.05859375 0.12109375 0.08984375
3 0.5390625 0.0234375 0.12109375 0.046875
3 0.65625 0.30859375 0.10546875 0.1015625
6 0.609375 0.41796875 0.08203125 0.078125
3 0.57421875 0.458984375 0.11328125 0.078125
3 0.677734375 0.064453125 0.078125 0.1171875