4 0.447265625 0.287109375 0.06640625 0.08203125
4 0.48828125 0.251953125 0.09765625 0.08984375
5 0.521484375 0.21484375 0.1015625 0.08984375
5 0.578125 0.19921875 0.078125 0.08203125
5 0.630859375 0.185546875 0.0625 0.09765625
3 0.67578125 0.162109375 0.09765625 0.08203125
3 0.73046875 0.13671875 0.0859375 0.08203125
0 0.857421875 0.083984375 0.09375 0.08984375
6 0.8359375 0.037109375 0.10546875 0.06640625
5 0.830078125 0.291015625 0.10546875 0.06640625
5 0.9453125 0.248046875 0.09765625 0.078125
5 0.95703125 0.302734375 0.0859375 0.08203125
5 0.974609375 0.345703125 0.05078125 0.078125
2 0.89453125 0.384765625 0.09765625 0.07421875
3 0.78125 0.447265625 0.0859375 0.09765625
5 0.689453125 0.443359375 0.0703125 0.12109375
5 0.8671875 0.5 0.07421875 0.09375
3 0.91796875 0.59765625 0.0703125 0.09375
5 0.607421875 0.765625 0.0703125 0.0859375
5 0.6484375 0.73828125 0.05859375 0.0859375
5 0.685546875 0.6953125 0.0703125 0.0859375