3 0.083984375 0.251953125 0.09765625 0.125
3 0.44140625 0.080078125 0.0625 0.11328125
0 0.474609375 0.140625 0.0703125 0.11328125
3 0.5078125 0.193359375 0.06640625 0.09375
6 0.658203125 0.5546875 0.09375 0.10546875
3 0.642578125 0.65625 0.09765625 0.1015625
3 0.673828125 0.37109375 0.1015625 0.0859375
3 0.763671875 0.34375 0.08203125 0.08203125
3 0.77734375 0.29296875 0.0703125 0.109375
3 0.828125 0.265625 0.09375 0.08984375
3 0.873046875 0.2421875 0.08984375 0.09375
3 0.91796875 0.21875 0.09375 0.08203125