0 0.41015625 0.064453125 0.09765625 0.0625
0 0.390625 0.1171875 0.10546875 0.05859375
3 0.3203125 0.474609375 0.12109375 0.0546875
1 0.3359375 0.37890625 0.11328125 0.0859375
3 0.3125 0.5859375 0.07421875 0.09765625
3 0.0234375 0.6328125 0.046875 0.08984375
3 0.43359375 0.939453125 0.1171875 0.0625
3 0.5625 0.97265625 0.05078125 0.0546875
3 0.623046875 0.970703125 0.05078125 0.05859375
3 0.736328125 0.98046875 0.07421875 0.0390625
3 0.67578125 0.9765625 0.046875 0.046875
3 0.369140625 0.20703125 0.11328125 0.05078125
6 0.138671875 0.0703125 0.0859375 0.08203125