3 0.4296875 0.08203125 0.14453125 0.08984375
3 0.513671875 0.236328125 0.140625 0.09765625
3 0.685546875 0.162109375 0.16015625 0.11328125
3 0.92578125 0.05078125 0.1484375 0.1015625
6 0.373046875 0.373046875 0.1484375 0.15234375
6 0.42578125 0.43359375 0.140625 0.10546875
3 0.45703125 0.515625 0.1640625 0.11328125
3 0.4921875 0.572265625 0.125 0.1015625
3 0.51953125 0.625 0.12890625 0.1015625
3 0.54296875 0.693359375 0.1484375 0.1015625
3 0.58203125 0.75390625 0.12890625 0.09375
3 0.607421875 0.822265625 0.16015625 0.09765625
5 0.630859375 0.904296875 0.16796875 0.09375
3 0.6484375 0.96875 0.16015625 0.0625