4 0.33984375 0.18359375 0.09375 0.1484375
6 0.353515625 0.3515625 0.08203125 0.12890625
4 0.640625 0.30859375 0.1328125 0.1640625
3 0.65234375 0.455078125 0.0859375 0.109375
2 0.66796875 0.609375 0.109375 0.140625
4 0.69921875 0.82421875 0.1328125 0.21875
5 0.15625 0.07421875 0.08984375 0.1171875
2 0.166015625 0.19921875 0.08984375 0.125
3 0.173828125 0.337890625 0.09375 0.11328125
2 0.21484375 0.701171875 0.07421875 0.08984375
3 0.228515625 0.84765625 0.078125 0.1171875
3 0.1953125 0.4453125 0.0625 0.1015625
2 0.2109375 0.572265625 0.0859375 0.11328125