3 0.078125 0.25 0.125 0.15234375
3 0.1484375 0.189453125 0.1171875 0.12890625
3 0.21484375 0.16015625 0.10546875 0.1484375
3 0.3359375 0.1015625 0.109375 0.14453125
6 0.404296875 0.0625 0.11328125 0.12109375
3 0.568359375 0.05859375 0.1328125 0.1171875
3 0.6328125 0.26953125 0.14453125 0.109375
3 0.66796875 0.33984375 0.15234375 0.09765625
3 0.69921875 0.40625 0.109375 0.08984375
3 0.734375 0.482421875 0.09765625 0.09375
3 0.78125 0.533203125 0.12890625 0.1328125
3 0.84375 0.6953125 0.1328125 0.11328125
3 0.888671875 0.75390625 0.12109375 0.09765625
3 0.91015625 0.849609375 0.12890625 0.1171875
3 0.93359375 0.916015625 0.1328125 0.08203125
3 0.955078125 0.96875 0.08984375 0.05859375