3 0.513671875 0.353515625 0.0859375 0.08984375
3 0.802734375 0.607421875 0.09765625 0.1015625
3 0.390625 0.52734375 0.0703125 0.09375
3 0.419921875 0.552734375 0.0859375 0.09765625
3 0.466796875 0.58984375 0.08984375 0.0859375
3 0.490234375 0.6171875 0.09765625 0.08984375
3 0.537109375 0.640625 0.09765625 0.08984375
3 0.568359375 0.67578125 0.08203125 0.0859375
3 0.603515625 0.7265625 0.09765625 0.09375
3 0.546875 0.814453125 0.0859375 0.0859375
3 0.46875 0.888671875 0.09375 0.09765625
3 0.375 0.96875 0.08984375 0.0625