3 0.470703125 0.197265625 0.09765625 0.0703125
3 0.322265625 0.0703125 0.04296875 0.1015625
3 0.390625 0.072265625 0.0625 0.08984375
3 0.1796875 0.0234375 0.078125 0.046875
3 0.48046875 0.009765625 0.08984375 0.01953125
3 0.583984375 0.125 0.08203125 0.0625
3 0.681640625 0.150390625 0.0859375 0.05859375
3 0.76171875 0.166015625 0.078125 0.0546875
3 0.9375 0.205078125 0.0859375 0.0546875
3 0.302734375 0.396484375 0.08203125 0.0546875
3 0.5390625 0.544921875 0.0859375 0.05859375
3 0.63671875 0.568359375 0.09375 0.0546875
3 0.783203125 0.66015625 0.046875 0.08984375
3 0.921875 0.673828125 0.03515625 0.06640625
3 0.966796875 0.68359375 0.0390625 0.0625
3 0.017578125 0.482421875 0.03515625 0.07421875
6 0.265625 0.48828125 0.0859375 0.0625
6 0.87109375 0.662109375 0.04296875 0.07421875