3 0.068359375 0.3828125 0.08203125 0.11328125
3 0.279296875 0.341796875 0.05859375 0.09765625
3 0.23046875 0.224609375 0.1328125 0.08203125
3 0.349609375 0.349609375 0.05859375 0.11328125
3 0.40234375 0.376953125 0.0546875 0.1015625
3 0.453125 0.3828125 0.04296875 0.1015625
3 0.533203125 0.39453125 0.0546875 0.1015625
3 0.591796875 0.41015625 0.046875 0.10546875
3 0.650390625 0.44140625 0.0546875 0.109375
3 0.826171875 0.48046875 0.046875 0.09375
3 0.951171875 0.501953125 0.08984375 0.09375
0 0.865234375 0.75 0.05859375 0.12890625
3 0.8203125 0.74609375 0.0546875 0.08984375
3 0.08984375 0.72265625 0.11328125 0.06640625