5 0.484375 0.197265625 0.0859375 0.05078125
5 0.4609375 0.26171875 0.0859375 0.046875
5 0.44140625 0.3203125 0.08984375 0.06640625
5 0.427734375 0.43359375 0.10546875 0.046875
6 0.44921875 0.6484375 0.05078125 0.08203125
6 0.5 0.525390625 0.0390625 0.05078125
4 0.51953125 0.751953125 0.16015625 0.09375
4 0.505859375 0.892578125 0.1640625 0.0625
4 0.732421875 0.935546875 0.14453125 0.10546875
2 0.7578125 0.87109375 0.1484375 0.0625
4 0.724609375 0.498046875 0.16015625 0.20703125
4 0.904296875 0.806640625 0.19140625 0.1015625
3 0.080078125 0.443359375 0.11328125 0.0625
3 0.0546875 0.59765625 0.109375 0.05078125
5 0.03515625 0.650390625 0.0703125 0.05078125
3 0.037109375 0.759765625 0.07421875 0.08203125
3 0.0390625 0.849609375 0.078125 0.08203125
3 0.03125 0.92578125 0.0625 0.0546875
4 0.5078125 0.625 0.07421875 0.1328125
4 0.5625 0.63671875 0.06640625 0.15625
4 0.654296875 0.677734375 0.0546875 0.14453125
3 0.68359375 0.81640625 0.09765625 0.046875
3 0.484375 0.953125 0.0546875 0.09375
3 0.572265625 0.970703125 0.046875 0.05859375
3 0.65625 0.97265625 0.0703125 0.0546875
3 0.873046875 0.9765625 0.06640625 0.046875
4 0.8046875 0.712890625 0.06640625 0.11328125