3 0.296875 0.01953125 0.09375 0.03515625
6 0.3203125 0.0703125 0.125 0.0625
3 0.34765625 0.125 0.10546875 0.07421875
3 0.35546875 0.18359375 0.12890625 0.07421875
5 0.22265625 0.1953125 0.1015625 0.109375
5 0.259765625 0.30859375 0.1015625 0.10546875
5 0.302734375 0.4453125 0.109375 0.125
3 0.150390625 0.322265625 0.1015625 0.1171875
3 0.41796875 0.322265625 0.109375 0.0859375
0 0.439453125 0.392578125 0.12890625 0.08203125
3 0.478515625 0.453125 0.12890625 0.08203125
3 0.625 0.6328125 0.08203125 0.11328125
3 0.689453125 0.60546875 0.07421875 0.11328125
3 0.736328125 0.568359375 0.0859375 0.125
3 0.798828125 0.53125 0.08203125 0.12109375
3 0.865234375 0.533203125 0.08984375 0.125
3 0.9296875 0.505859375 0.08203125 0.1171875
3 0.97265625 0.47265625 0.0546875 0.11328125
3 0.4609375 0.890625 0.09765625 0.12109375
3 0.54296875 0.9453125 0.0859375 0.109375
3 0.625 0.8671875 0.12109375 0.109375
3 0.703125 0.83203125 0.11328125 0.10546875
3 0.76171875 0.80859375 0.08984375 0.09765625
3 0.8515625 0.775390625 0.08203125 0.0859375
5 0.916015625 0.75 0.1015625 0.09375
5 0.95703125 0.712890625 0.0859375 0.1015625
3 0.484375 0.505859375 0.1171875 0.0859375
5 0.51953125 0.564453125 0.13671875 0.0703125