3 0.08203125 0.541015625 0.109375 0.0625
6 0.353515625 0.611328125 0.0859375 0.05078125
3 0.474609375 0.63671875 0.1015625 0.05859375
3 0.587890625 0.658203125 0.09375 0.0546875
6 0.67578125 0.689453125 0.09765625 0.05078125
6 0.83984375 0.72265625 0.09375 0.05859375
2 0.943359375 0.7421875 0.11328125 0.0625
2 0.19140625 0.6875 0.11328125 0.06640625
3 0.431640625 0.73828125 0.125 0.07421875
3 0.55078125 0.763671875 0.109375 0.06640625
3 0.755859375 0.798828125 0.09765625 0.0703125
3 0.865234375 0.82421875 0.09765625 0.0625
3 0.9609375 0.861328125 0.078125 0.07421875