6 0.4765625 0.125 0.12890625 0.09765625
6 0.48046875 0.228515625 0.1015625 0.07421875
3 0.49609375 0.28515625 0.10546875 0.0859375
2 0.66015625 0.13671875 0.06640625 0.1171875
6 0.673828125 0.23046875 0.0703125 0.06640625
3 0.6796875 0.30859375 0.07421875 0.0625
5 0.68359375 0.365234375 0.08984375 0.046875
3 0.685546875 0.421875 0.08984375 0.05859375
3 0.509765625 0.64453125 0.11328125 0.06640625
3 0.515625 0.724609375 0.1015625 0.0625
5 0.70703125 0.689453125 0.1015625 0.05859375
5 0.712890625 0.751953125 0.08203125 0.046875
5 0.73046875 0.94140625 0.09765625 0.0625
3 0.55859375 0.88671875 0.1015625 0.0546875
3 0.52734375 0.775390625 0.09375 0.0546875
5 0.07421875 0.150390625 0.1171875 0.09765625
5 0.27734375 0.037109375 0.1484375 0.0625
4 0.50390625 0.359375 0.1171875 0.0625