4 0.80078125 0.146484375 0.3984375 0.29296875
4 0.814453125 0.212890625 0.37109375 0.296875
4 0.1640625 0.32421875 0.3125 0.21484375
4 0.162109375 0.5234375 0.31640625 0.1484375
3 0.162109375 0.94140625 0.06640625 0.1015625
3 0.212890625 0.923828125 0.07421875 0.07421875
3 0.248046875 0.904296875 0.05859375 0.0859375
3 0.29296875 0.884765625 0.05859375 0.08203125
3 0.37890625 0.84375 0.0625 0.1015625
3 0.48828125 0.79296875 0.0859375 0.109375
0 0.41796875 0.810546875 0.09765625 0.15625
5 0.755859375 0.69921875 0.09375 0.05859375
2 0.931640625 0.6875 0.0859375 0.0859375
3 0.947265625 0.787109375 0.08984375 0.0703125
3 0.955078125 0.8203125 0.08984375 0.0546875
3 0.955078125 0.88671875 0.08984375 0.08203125
5 0.3515625 0.171875 0.0703125 0.08984375