3 0.5078125 0.13671875 0.078125 0.1171875
3 0.484375 0.28125 0.11328125 0.07421875
3 0.455078125 0.408203125 0.08203125 0.08984375
3 0.423828125 0.50390625 0.08984375 0.09375
3 0.408203125 0.625 0.0625 0.12890625
3 0.255859375 0.228515625 0.109375 0.0625
3 0.23046875 0.287109375 0.109375 0.0703125
3 0.2109375 0.349609375 0.12109375 0.06640625
0 0.203125 0.447265625 0.12109375 0.05859375
2 0.18359375 0.501953125 0.14453125 0.05859375
3 0.0390625 0.451171875 0.078125 0.05859375
2 0.1640625 0.6484375 0.1328125 0.05859375
4 0.146484375 0.7109375 0.14453125 0.0859375
0 0.125 0.79296875 0.12890625 0.078125