5 0.263671875 0.140625 0.140625 0.05859375
5 0.271484375 0.08203125 0.14453125 0.04296875
5 0.263671875 0.021484375 0.13671875 0.04296875
5 0.5546875 0.115234375 0.13671875 0.05859375
0 0.572265625 0.185546875 0.140625 0.0625
3 0.576171875 0.240234375 0.12109375 0.05859375
5 0.580078125 0.294921875 0.125 0.05078125
3 0.587890625 0.34765625 0.125 0.05859375
3 0.419921875 0.427734375 0.09375 0.12109375
3 0.619140625 0.52734375 0.12890625 0.06640625
5 0.607421875 0.59375 0.12890625 0.05078125
5 0.62109375 0.65234375 0.1328125 0.046875
5 0.62109375 0.720703125 0.12890625 0.05859375
2 0.638671875 0.77734375 0.13671875 0.07421875
3 0.646484375 0.826171875 0.109375 0.0625
3 0.66796875 0.88671875 0.12109375 0.0625