5 0.037109375 0.599609375 0.0625 0.08984375
5 0.078125 0.56640625 0.0859375 0.078125
5 0.126953125 0.548828125 0.07421875 0.078125
5 0.166015625 0.52734375 0.0625 0.08984375
0 0.216796875 0.509765625 0.08203125 0.10546875
5 0.33984375 0.42578125 0.109375 0.09375
5 0.29296875 0.447265625 0.109375 0.09765625
5 0.60546875 0.16015625 0.08984375 0.11328125
3 0.259765625 0.1328125 0.06640625 0.08203125
3 0.203125 0.0390625 0.078125 0.078125
5 0.791015625 0.04296875 0.078125 0.0859375
5 0.833984375 0.037109375 0.046875 0.07421875
5 0.888671875 0.0234375 0.078125 0.046875
3 0.943359375 0.900390625 0.11328125 0.08203125
5 0.923828125 0.974609375 0.09765625 0.05078125