6 0.79296875 0.044921875 0.08984375 0.08984375
0 0.65234375 0.06640625 0.15625 0.09375
2 0.447265625 0.177734375 0.09375 0.09765625
2 0.380859375 0.201171875 0.09765625 0.125
6 0.318359375 0.259765625 0.10546875 0.13671875
6 0.251953125 0.298828125 0.11328125 0.140625
2 0.16015625 0.328125 0.09765625 0.12109375
3 0.048828125 0.771484375 0.0859375 0.14453125
3 0.193359375 0.6796875 0.09765625 0.13671875
3 0.392578125 0.591796875 0.1171875 0.15234375
3 0.48046875 0.53515625 0.109375 0.16796875
6 0.748046875 0.4453125 0.09375 0.15625
0 0.921875 0.390625 0.109375 0.14453125
3 0.966796875 0.32421875 0.06640625 0.140625