3 0.029296875 0.224609375 0.05859375 0.109375
0 0.0703125 0.201171875 0.078125 0.1015625
3 0.11328125 0.1953125 0.078125 0.1015625
3 0.255859375 0.150390625 0.0625 0.09375
0 0.310546875 0.138671875 0.07421875 0.09765625
3 0.34765625 0.12890625 0.0546875 0.09375
0 0.115234375 0.775390625 0.09765625 0.07421875
0 0.2421875 0.73828125 0.1015625 0.078125
0 0.453125 0.669921875 0.08984375 0.08203125
0 0.80078125 0.767578125 0.109375 0.0625
0 0.90234375 0.728515625 0.09375 0.07421875
3 0.3515625 0.697265625 0.0859375 0.0703125
3 0.49609375 0.734375 0.09765625 0.06640625
3 0.580078125 0.638671875 0.1015625 0.0703125
3 0.6796875 0.6015625 0.1015625 0.05078125
3 0.91796875 0.52734375 0.10546875 0.0625