3 0.16015625 0.34375 0.09375 0.07421875
3 0.232421875 0.37890625 0.0703125 0.10546875
3 0.318359375 0.39453125 0.0703125 0.10546875
3 0.02734375 0.744140625 0.0546875 0.1015625
3 0.322265625 0.619140625 0.109375 0.06640625
3 0.298828125 0.70703125 0.11328125 0.078125
4 0.662109375 0.478515625 0.0703125 0.11328125
5 0.4921875 0.419921875 0.109375 0.07421875
5 0.71875 0.4921875 0.05078125 0.12109375
5 0.73046875 0.65625 0.13671875 0.0703125
5 0.69140625 0.806640625 0.125 0.1015625
5 0.6484375 0.927734375 0.1015625 0.0546875
5 0.65234375 0.9765625 0.12890625 0.046875
5 0.529296875 0.685546875 0.05859375 0.1171875
5 0.974609375 0.716796875 0.05078125 0.05859375
5 0.974609375 0.552734375 0.05078125 0.109375