6 0.638671875 0.205078125 0.0859375 0.08984375
3 0.533203125 0.166015625 0.06640625 0.09765625
3 0.517578125 0.25 0.0859375 0.0625
3 0.501953125 0.3046875 0.08203125 0.046875
2 0.587890625 0.62890625 0.0625 0.1015625
4 0.216796875 0.65234375 0.10546875 0.046875
2 0.50390625 0.71875 0.09375 0.04296875
0 0.595703125 0.783203125 0.08203125 0.04296875
0 0.484375 0.763671875 0.078125 0.046875
0 0.3984375 0.708984375 0.078125 0.0390625
0 0.470703125 0.58203125 0.0703125 0.0859375
3 0.45703125 0.064453125 0.09375 0.05078125
3 0.41796875 0.01171875 0.08984375 0.0234375
3 0.875 0.060546875 0.09765625 0.04296875
3 0.86328125 0.23046875 0.09375 0.0546875
2 0.912109375 0.18359375 0.109375 0.05078125
4 0.822265625 0.365234375 0.0625 0.05078125
3 0.14453125 0.01171875 0.09765625 0.0234375
5 0.97265625 0.07421875 0.0546875 0.04296875
5 0.982421875 0.18359375 0.03515625 0.046875