3 0.32421875 0.046875 0.0625 0.09375
3 0.30859375 0.14453125 0.0625 0.1171875
3 0.46875 0.34765625 0.0546875 0.109375
3 0.267578125 0.310546875 0.06640625 0.12890625
3 0.30859375 0.505859375 0.06640625 0.11328125
0 0.423828125 0.484375 0.11328125 0.08984375
3 0.40625 0.5390625 0.109375 0.06640625
3 0.380859375 0.669921875 0.10546875 0.078125
3 0.35546875 0.7578125 0.11328125 0.08203125
6 0.32421875 0.875 0.1015625 0.07421875
3 0.314453125 0.9296875 0.10546875 0.0703125
3 0.17578125 0.783203125 0.0546875 0.12890625