3 0.37890625 0.09375 0.15625 0.109375
3 0.935546875 0.15625 0.12890625 0.09765625
3 0.857421875 0.212890625 0.16796875 0.10546875
3 0.7734375 0.392578125 0.13671875 0.16015625
3 0.7109375 0.470703125 0.1171875 0.140625
3 0.630859375 0.5 0.1171875 0.16015625
3 0.552734375 0.48828125 0.1015625 0.109375
3 0.4765625 0.5234375 0.08984375 0.12890625
3 0.40625 0.546875 0.09375 0.12890625
3 0.23828125 0.6640625 0.09375 0.11328125
3 0.30859375 0.638671875 0.109375 0.14453125
3 0.099609375 0.75 0.12890625 0.12890625