3 0.11328125 0.861328125 0.0625 0.0859375
3 0.1640625 0.84375 0.0625 0.0859375
3 0.1953125 0.814453125 0.05859375 0.07421875
3 0.244140625 0.796875 0.07421875 0.0859375
3 0.26953125 0.7578125 0.078125 0.078125
3 0.29296875 0.71484375 0.078125 0.06640625
6 0.333984375 0.623046875 0.08984375 0.05859375
2 0.33984375 0.572265625 0.109375 0.05078125
3 0.3203125 0.51953125 0.09375 0.078125
3 0.22265625 0.37890625 0.0859375 0.05859375
6 0.19140625 0.33203125 0.1015625 0.07421875
3 0.16015625 0.26171875 0.08984375 0.078125
0 0.048828125 0.09375 0.09375 0.07421875
3 0.033203125 0.0546875 0.06640625 0.06640625
3 0.0234375 0.017578125 0.046875 0.03515625
2 0.7890625 0.072265625 0.09765625 0.0859375