4 0.3828125 0.23828125 0.10546875 0.16015625
5 0.4296875 0.3984375 0.1484375 0.078125
4 0.45703125 0.51953125 0.109375 0.12890625
3 0.48046875 0.716796875 0.12109375 0.05859375
6 0.517578125 0.919921875 0.16015625 0.0703125
6 0.71484375 0.578125 0.140625 0.08203125
6 0.673828125 0.310546875 0.1484375 0.14453125
6 0.64453125 0.119140625 0.140625 0.07421875
6 0.732421875 0.646484375 0.13671875 0.078125
3 0.68359375 0.4140625 0.1015625 0.10546875
2 0.552734375 0.185546875 0.09375 0.140625
6 0.501953125 0.77734375 0.109375 0.05078125
1 0.76953125 0.833984375 0.12890625 0.21484375