3 0.37109375 0.02734375 0.09375 0.0546875
2 0.462890625 0.16015625 0.1015625 0.08984375
1 0.50390625 0.2578125 0.09375 0.08203125
3 0.482421875 0.416015625 0.08203125 0.1015625
3 0.443359375 0.453125 0.08203125 0.09765625
3 0.486328125 0.7265625 0.10546875 0.078125
3 0.400390625 0.78125 0.1015625 0.0625
3 0.5859375 0.677734375 0.09765625 0.05859375
3 0.548828125 0.8828125 0.1171875 0.09375
6 0.388671875 0.572265625 0.10546875 0.09375
6 0.173828125 0.916015625 0.12109375 0.0625
3 0.2890625 0.837890625 0.12109375 0.07421875
5 0.681640625 0.59765625 0.1015625 0.07421875
3 0.775390625 0.560546875 0.109375 0.08203125