3 0.1953125 0.1484375 0.1015625 0.05859375
3 0.1875 0.197265625 0.1015625 0.0625
3 0.1796875 0.3125 0.0546875 0.09375
3 0.15234375 0.4375 0.04296875 0.09765625
3 0.044921875 0.931640625 0.046875 0.09375
3 0.4140625 0.291015625 0.04296875 0.09375
3 0.380859375 0.37109375 0.08203125 0.0625
3 0.35546875 0.51171875 0.09765625 0.06640625
3 0.318359375 0.6328125 0.10546875 0.05078125
3 0.296875 0.673828125 0.109375 0.05859375
3 0.30078125 0.7421875 0.09375 0.05078125
3 0.29296875 0.8046875 0.09375 0.0546875
0 0.28125 0.85546875 0.10546875 0.05859375
6 0.345703125 0.572265625 0.08984375 0.0546875