3 0.03515625 0.083984375 0.0703125 0.0703125
3 0.193359375 0.23046875 0.10546875 0.06640625
0 0.357421875 0.271484375 0.09765625 0.0625
3 0.666015625 0.361328125 0.10546875 0.0703125
3 0.78515625 0.474609375 0.1015625 0.0625
3 0.98046875 0.58984375 0.0390625 0.05859375
3 0.990234375 0.76171875 0.01953125 0.0859375
3 0.958984375 0.748046875 0.03515625 0.078125
3 0.921875 0.7421875 0.03515625 0.07421875
3 0.87890625 0.73046875 0.03515625 0.078125
5 0.8203125 0.708984375 0.04296875 0.10546875
3 0.48046875 0.591796875 0.05859375 0.09375
3 0.53125 0.611328125 0.05859375 0.0859375
3 0.712890625 0.673828125 0.05859375 0.0859375
3 0.671875 0.6640625 0.0546875 0.08203125
3 0.623046875 0.638671875 0.05859375 0.0859375
3 0.5859375 0.625 0.0625 0.09375
3 0.21484375 0.509765625 0.0625 0.09765625
3 0.125 0.48046875 0.0625 0.0859375
3 0.171875 0.494140625 0.0546875 0.0859375
3 0.02734375 0.447265625 0.0546875 0.08203125
6 0.0625 0.466796875 0.05859375 0.0859375