4 0.3046875 0.423828125 0.09375 0.13671875
3 0.58203125 0.4375 0.0546875 0.09375
0 0.802734375 0.22265625 0.08984375 0.0546875
0 0.890625 0.259765625 0.078125 0.0546875
6 0.97265625 0.291015625 0.0546875 0.04296875
2 0.890625 0.125 0.08984375 0.0390625
4 0.80078125 0.451171875 0.08203125 0.0546875
4 0.89453125 0.478515625 0.078125 0.05859375
4 0.970703125 0.51171875 0.05859375 0.05859375
6 0.888671875 0.84765625 0.0625 0.078125
3 0.80859375 0.7421875 0.08203125 0.05078125
3 0.80078125 0.8125 0.05859375 0.08203125
6 0.93359375 0.85546875 0.0703125 0.08203125
5 0.708984375 0.603515625 0.03125 0.0390625
5 0.693359375 0.65234375 0.03125 0.0390625
5 0.681640625 0.697265625 0.02734375 0.0390625
5 0.669921875 0.75 0.0234375 0.03515625
6 0.712890625 0.775390625 0.07421875 0.08984375
5 0.75 0.40625 0.0234375 0.03515625
6 0.95703125 0.56640625 0.03515625 0.03515625
5 0.73046875 0.509765625 0.0546875 0.046875
5 0.732421875 0.455078125 0.02734375 0.03515625
5 0.91015625 0.72265625 0.03515625 0.0234375
6 0.978515625 0.8671875 0.04296875 0.0859375
5 0.869140625 0.537109375 0.0390625 0.0234375
5 0.9140625 0.55078125 0.03125 0.015625
5 0.8125 0.408203125 0.03125 0.01953125
5 0.857421875 0.423828125 0.0234375 0.015625