3 0.322265625 0.0546875 0.12109375 0.07421875
3 0.421875 0.08203125 0.09375 0.06640625
3 0.62109375 0.126953125 0.09765625 0.05859375
3 0.70703125 0.14453125 0.09765625 0.0546875
6 0.92578125 0.189453125 0.09375 0.06640625
2 0.8125 0.16015625 0.10546875 0.0625
3 0.890625 0.28515625 0.08984375 0.0546875
3 0.35546875 0.166015625 0.08984375 0.05859375
3 0.546875 0.216796875 0.0703125 0.046875
3 0.7578125 0.2578125 0.08984375 0.0546875
3 0.05859375 0.625 0.046875 0.0859375
0 0.037109375 0.7265625 0.05078125 0.1015625