3 0.744140625 0.59375 0.06640625 0.1015625
3 0.6953125 0.591796875 0.0703125 0.09765625
3 0.646484375 0.59765625 0.07421875 0.1015625
3 0.568359375 0.6015625 0.08203125 0.09375
3 0.51171875 0.603515625 0.078125 0.1015625
3 0.45703125 0.6015625 0.0859375 0.09765625
4 0.3984375 0.603515625 0.09375 0.1015625
4 0.33203125 0.607421875 0.08984375 0.1015625
0 0.283203125 0.607421875 0.08984375 0.1015625
3 0.23828125 0.62109375 0.08984375 0.09375
3 0.181640625 0.640625 0.10546875 0.05078125
3 0.11328125 0.6171875 0.09375 0.078125
0 0.03515625 0.61328125 0.0703125 0.09375
3 0.861328125 0.591796875 0.08203125 0.10546875