3 0.359375 0.4765625 0.078125 0.1171875
3 0.419921875 0.46484375 0.06640625 0.10546875
0 0.482421875 0.470703125 0.0546875 0.08984375
0 0.515625 0.435546875 0.05859375 0.0859375
3 0.576171875 0.439453125 0.0625 0.1015625
3 0.6484375 0.373046875 0.0703125 0.1015625
6 0.7578125 0.361328125 0.078125 0.10546875
3 0.509765625 0.201171875 0.10546875 0.06640625
3 0.767578125 0.125 0.1015625 0.06640625
3 0.552734375 0.8984375 0.07421875 0.1015625
3 0.60546875 0.876953125 0.0625 0.10546875
2 0.658203125 0.875 0.07421875 0.1171875
0 0.7421875 0.8515625 0.07421875 0.109375
3 0.796875 0.845703125 0.0546875 0.09375
3 0.833984375 0.806640625 0.0625 0.11328125
3 0.869140625 0.80078125 0.05859375 0.09765625
3 0.876953125 0.705078125 0.09765625 0.0625
3 0.806640625 0.353515625 0.05859375 0.08984375
5 0.30078125 0.248046875 0.125 0.0546875
5 0.939453125 0.083984375 0.109375 0.06640625