3 0.482421875 0.02734375 0.11328125 0.0546875
0 0.73046875 0.033203125 0.12890625 0.06640625
3 0.73046875 0.095703125 0.12890625 0.0546875
0 0.71875 0.154296875 0.1328125 0.07421875
3 0.4609375 0.1796875 0.1171875 0.0703125
3 0.453125 0.244140625 0.1328125 0.0703125
3 0.3984375 0.388671875 0.1171875 0.07421875
3 0.48046875 0.51953125 0.06640625 0.125
3 0.359375 0.52734375 0.12890625 0.06640625
3 0.34375 0.587890625 0.12890625 0.06640625
3 0.490234375 0.759765625 0.0546875 0.109375
0 0.66015625 0.443359375 0.09765625 0.07421875
3 0.650390625 0.50390625 0.1171875 0.05859375
0 0.6171875 0.59375 0.12109375 0.078125
3 0.533203125 0.9765625 0.06640625 0.046875