3 0.13671875 0.494140625 0.11328125 0.06640625
3 0.126953125 0.544921875 0.10546875 0.05078125
3 0.1328125 0.59375 0.109375 0.05078125
3 0.15234375 0.640625 0.09765625 0.0390625
0 0.146484375 0.6796875 0.109375 0.0546875
3 0.142578125 0.7265625 0.10546875 0.05078125
2 0.2265625 0.787109375 0.0625 0.10546875
3 0.27734375 0.791015625 0.05078125 0.09765625
0 0.34375 0.802734375 0.05078125 0.109375
6 0.451171875 0.837890625 0.05859375 0.10546875
0 0.5 0.775390625 0.05859375 0.12109375
6 0.546875 0.775390625 0.04296875 0.09375
2 0.53515625 0.49609375 0.0546875 0.10546875
0 0.490234375 0.564453125 0.05859375 0.09375
6 0.4453125 0.4921875 0.05078125 0.10546875
3 0.400390625 0.494140625 0.05078125 0.10546875
1 0.3046875 0.51953125 0.0703125 0.140625
1 0.28125 0.65625 0.15234375 0.05859375
3 0.232421875 0.603515625 0.09765625 0.04296875
3 0.349609375 0.509765625 0.04296875 0.10546875