2 0.138671875 0.072265625 0.09765625 0.1015625
6 0.185546875 0.126953125 0.08203125 0.10546875
3 0.3125 0.234375 0.10546875 0.11328125
3 0.361328125 0.29296875 0.09765625 0.109375
3 0.39453125 0.373046875 0.09375 0.12109375
5 0.4765625 0.28515625 0.109375 0.078125
3 0.51953125 0.06640625 0.08203125 0.125
3 0.16796875 0.685546875 0.125 0.12109375
3 0.82421875 0.498046875 0.09765625 0.11328125
3 0.77734375 0.537109375 0.109375 0.12890625
6 0.724609375 0.578125 0.125 0.12109375
5 0.6640625 0.646484375 0.10546875 0.11328125
3 0.623046875 0.69921875 0.1015625 0.11328125
3 0.5390625 0.76171875 0.12109375 0.10546875
3 0.48828125 0.837890625 0.1015625 0.12109375
0 0.421875 0.875 0.1171875 0.12109375
5 0.62890625 0.056640625 0.08203125 0.109375
3 0.3671875 0.951171875 0.1171875 0.09765625
3 0.26171875 0.060546875 0.1171875 0.1015625