3 0.1953125 0.154296875 0.06640625 0.08203125
4 0.162109375 0.177734375 0.07421875 0.09375
4 0.037109375 0.251953125 0.0703125 0.10546875
4 0.072265625 0.23046875 0.0859375 0.10546875
4 0.115234375 0.1953125 0.06640625 0.109375
3 0.34375 0.42578125 0.0703125 0.08984375
3 0.31640625 0.45703125 0.06640625 0.08203125
3 0.2734375 0.48046875 0.0703125 0.08984375
3 0.2421875 0.494140625 0.0625 0.0859375
6 0.20703125 0.521484375 0.0625 0.0859375
3 0.046875 0.61328125 0.078125 0.07421875
4 0.283203125 0.630859375 0.0859375 0.1015625
6 0.455078125 0.546875 0.07421875 0.046875
4 0.435546875 0.609375 0.09765625 0.078125
4 0.474609375 0.630859375 0.11328125 0.09765625
4 0.54296875 0.732421875 0.12890625 0.09765625
4 0.505859375 0.6796875 0.1171875 0.09765625
6 0.478515625 0.84765625 0.08984375 0.09765625
6 0.4375 0.87890625 0.08203125 0.1015625
6 0.396484375 0.8984375 0.08203125 0.09765625
6 0.361328125 0.9296875 0.08203125 0.09765625