4 0.353515625 0.087890625 0.19921875 0.125
3 0.3125 0.044921875 0.125 0.0859375
2 0.361328125 0.15625 0.125 0.08203125
0 0.248046875 0.232421875 0.08984375 0.08984375
2 0.396484375 0.208984375 0.125 0.0859375
0 0.45703125 0.2421875 0.125 0.1015625
4 0.47265625 0.318359375 0.1640625 0.109375
0 0.546875 0.42578125 0.10546875 0.08984375
3 0.564453125 0.46875 0.12109375 0.0859375
3 0.330078125 0.501953125 0.11328125 0.08203125
3 0.359375 0.578125 0.1015625 0.0859375
0 0.390625 0.611328125 0.12890625 0.0859375
5 0.6328125 0.560546875 0.11328125 0.08203125
3 0.40234375 0.6640625 0.11328125 0.06640625
3 0.306640625 0.724609375 0.11328125 0.08203125
5 0.07421875 0.849609375 0.12109375 0.11328125