3 0.39453125 0.04296875 0.1015625 0.0703125
3 0.41796875 0.1171875 0.08984375 0.078125
3 0.462890625 0.17578125 0.1171875 0.08984375
5 0.7734375 0.296875 0.11328125 0.08203125
5 0.900390625 0.240234375 0.12109375 0.08203125
5 0.5078125 0.419921875 0.10546875 0.10546875
6 0.71875 0.408203125 0.0859375 0.12890625
6 0.58203125 0.44921875 0.1015625 0.0859375
5 0.62890625 0.642578125 0.1015625 0.0859375
6 0.662109375 0.69140625 0.109375 0.1015625
5 0.68359375 0.75390625 0.10546875 0.08984375
5 0.712890625 0.82421875 0.09375 0.109375
6 0.748046875 0.89453125 0.10546875 0.0859375
6 0.611328125 0.234375 0.125 0.08203125