3 0.404296875 0.044921875 0.12109375 0.0625
3 0.41796875 0.1171875 0.1328125 0.0625
5 0.447265625 0.16796875 0.125 0.06640625
5 0.451171875 0.248046875 0.1328125 0.08984375
5 0.466796875 0.30859375 0.125 0.0859375
0 0.490234375 0.44140625 0.1328125 0.06640625
3 0.501953125 0.50390625 0.1328125 0.06640625
3 0.513671875 0.57421875 0.1484375 0.07421875
0 0.296875 0.513671875 0.09765625 0.125
5 0.3203125 0.65625 0.1015625 0.13671875
3 0.36328125 0.916015625 0.09765625 0.140625
3 0.58984375 0.861328125 0.140625 0.09765625
3 0.767578125 0.88671875 0.125 0.078125
5 0.91015625 0.85546875 0.125 0.08203125