3 0.845703125 0.37890625 0.06640625 0.109375
2 0.982421875 0.328125 0.03515625 0.1328125
3 0.796875 0.61328125 0.0703125 0.12109375
3 0.94140625 0.6328125 0.0625 0.11328125
3 0.96875 0.46875 0.0625 0.1328125
3 0.88671875 0.048828125 0.09375 0.078125
6 0.892578125 0.169921875 0.0625 0.1328125
3 0.76953125 0.744140625 0.0625 0.125
3 0.896484375 0.85546875 0.0546875 0.12890625
3 0.73046875 0.84765625 0.078125 0.10546875
3 0.69921875 0.955078125 0.078125 0.08984375
3 0.857421875 0.98046875 0.05078125 0.0390625