2 0.15234375 0.318359375 0.08984375 0.0546875
4 0.787109375 0.580078125 0.08984375 0.04296875
2 0.62890625 0.412109375 0.0859375 0.0546875
3 0.2890625 0.462890625 0.08203125 0.04296875
3 0.05078125 0.408203125 0.08984375 0.0546875
3 0.69921875 0.55078125 0.0703125 0.04296875
3 0.3359375 0.349609375 0.09765625 0.046875
3 0.43359375 0.373046875 0.08984375 0.05078125
4 0.78515625 0.443359375 0.07421875 0.0390625
3 0.96484375 0.490234375 0.0703125 0.04296875
5 0.978515625 0.60546875 0.04296875 0.03515625
6 0.560546875 0.51953125 0.11328125 0.07421875