3 0.77734375 0.37890625 0.09765625 0.09765625
0 0.72265625 0.5078125 0.11328125 0.08203125
3 0.6953125 0.56640625 0.09765625 0.07421875
3 0.671875 0.634765625 0.1171875 0.08203125
3 0.83984375 0.177734375 0.09375 0.08203125
3 0.990234375 0.400390625 0.01953125 0.05859375
3 0.978515625 0.466796875 0.04296875 0.05859375
3 0.970703125 0.6328125 0.05859375 0.07421875
3 0.86328125 0.13671875 0.109375 0.07421875
0 0.875 0.08984375 0.09765625 0.07421875
6 0.8984375 0.046875 0.1171875 0.0625
5 0.916015625 0.01953125 0.11328125 0.0390625
3 0.943359375 0.67578125 0.09765625 0.078125
0 0.93359375 0.724609375 0.109375 0.078125
0 0.921875 0.765625 0.09765625 0.06640625
3 0.900390625 0.82421875 0.12109375 0.0859375
3 0.873046875 0.87109375 0.1015625 0.07421875
3 0.84765625 0.921875 0.1171875 0.0859375