0 0.15625 0.03515625 0.109375 0.06640625
2 0.15625 0.130859375 0.06640625 0.10546875
3 0.236328125 0.294921875 0.09375 0.078125
3 0.328125 0.318359375 0.1015625 0.0625
3 0.47265625 0.341796875 0.10546875 0.05078125
3 0.05078125 0.40625 0.04296875 0.08203125
3 0.09375 0.41015625 0.0546875 0.07421875
3 0.140625 0.416015625 0.0390625 0.0859375
3 0.185546875 0.423828125 0.0390625 0.08203125
3 0.22265625 0.443359375 0.04296875 0.078125
3 0.265625 0.44921875 0.046875 0.078125
3 0.357421875 0.47265625 0.0390625 0.0703125
3 0.388671875 0.4765625 0.046875 0.0859375
3 0.494140625 0.501953125 0.05078125 0.0703125
3 0.78125 0.56640625 0.05859375 0.09375
0 0.833984375 0.578125 0.05078125 0.1015625
0 0.953125 0.59765625 0.04296875 0.09375