3 0.373046875 0.02734375 0.12890625 0.0546875
0 0.62109375 0.03515625 0.109375 0.0703125
3 0.810546875 0.0390625 0.06640625 0.078125
3 0.494140625 0.04296875 0.11328125 0.0703125
6 0.22265625 0.189453125 0.11328125 0.07421875
3 0.451171875 0.2421875 0.12109375 0.08203125
3 0.564453125 0.318359375 0.08984375 0.11328125
3 0.58203125 0.44921875 0.06640625 0.09375
3 0.736328125 0.427734375 0.0546875 0.10546875
0 0.560546875 0.58203125 0.05859375 0.12109375
3 0.533203125 0.708984375 0.06640625 0.109375
3 0.48046875 0.9296875 0.0546875 0.10546875
6 0.708984375 0.5546875 0.05859375 0.1171875
3 0.681640625 0.6796875 0.0546875 0.1015625