3 0.048828125 0.017578125 0.08203125 0.03515625
3 0.07421875 0.044921875 0.08203125 0.0625
3 0.099609375 0.083984375 0.08984375 0.06640625
4 0.125 0.126953125 0.12109375 0.10546875
3 0.150390625 0.189453125 0.09375 0.078125
3 0.181640625 0.240234375 0.08984375 0.078125
3 0.19140625 0.294921875 0.1015625 0.06640625
0 0.2265625 0.34375 0.08984375 0.0859375
3 0.248046875 0.3984375 0.08984375 0.0625
3 0.27734375 0.44140625 0.08203125 0.0703125
3 0.29296875 0.49609375 0.09375 0.07421875
3 0.32421875 0.546875 0.08984375 0.07421875
3 0.34375 0.60546875 0.08203125 0.06640625
3 0.390625 0.685546875 0.08984375 0.06640625
3 0.49609375 0.2890625 0.05078125 0.09375
4 0.330078125 0.0234375 0.09765625 0.046875
4 0.705078125 0.904296875 0.30859375 0.19140625
6 0.41015625 0.134765625 0.078125 0.0859375