3 0.37890625 0.97265625 0.078125 0.0546875
3 0.49609375 0.912109375 0.05859375 0.09765625
3 0.388671875 0.923828125 0.0859375 0.06640625
3 0.3984375 0.884765625 0.08984375 0.05859375
3 0.421875 0.84375 0.1015625 0.05859375
3 0.43359375 0.796875 0.09375 0.06640625
3 0.44921875 0.74609375 0.08984375 0.05859375
3 0.4609375 0.69140625 0.08984375 0.05859375
3 0.482421875 0.6484375 0.09765625 0.05859375
3 0.5 0.603515625 0.08984375 0.05859375
6 0.525390625 0.52734375 0.07421875 0.0859375
3 0.60546875 0.515625 0.046875 0.0703125
6 0.541015625 0.439453125 0.078125 0.05078125
3 0.55078125 0.380859375 0.12890625 0.0703125
3 0.5859375 0.349609375 0.1015625 0.0625
6 0.59375 0.2890625 0.08984375 0.05078125
3 0.666015625 0.109375 0.08984375 0.06640625
3 0.6796875 0.05859375 0.0859375 0.0625
2 0.7578125 0.107421875 0.08984375 0.09375
3 0.765625 0.0234375 0.09375 0.046875