3 0.1484375 0.58203125 0.046875 0.109375
3 0.1875 0.580078125 0.046875 0.1015625
3 0.220703125 0.580078125 0.05078125 0.0859375
3 0.365234375 0.611328125 0.05078125 0.08984375
3 0.45703125 0.62890625 0.05859375 0.09375
3 0.50390625 0.642578125 0.05078125 0.1015625
3 0.546875 0.642578125 0.05859375 0.10546875
3 0.71484375 0.703125 0.0625 0.09765625
3 0.763671875 0.6953125 0.05078125 0.109375
3 0.806640625 0.705078125 0.0546875 0.10546875
3 0.060546875 0.94921875 0.08203125 0.07421875
3 0.365234375 0.98828125 0.09765625 0.0234375