3 0.021484375 0.54296875 0.02734375 0.03515625
3 0.111328125 0.5625 0.02734375 0.0390625
3 0.064453125 0.55078125 0.0234375 0.03125
3 0.26953125 0.5859375 0.02734375 0.05078125
3 0.31640625 0.59765625 0.0234375 0.04296875
3 0.412109375 0.62109375 0.0234375 0.04296875
3 0.3671875 0.61328125 0.02734375 0.0390625
3 0.466796875 0.625 0.0234375 0.05078125
3 0.7734375 0.69140625 0.02734375 0.05078125
3 0.9296875 0.73828125 0.046875 0.08203125
3 0.974609375 0.748046875 0.0390625 0.08203125
3 0.98828125 0.509765625 0.0234375 0.03515625
4 0.205078125 0.55078125 0.0625 0.08984375
4 0.513671875 0.634765625 0.03125 0.0546875
4 0.560546875 0.625 0.04296875 0.08984375
4 0.619140625 0.63671875 0.046875 0.09765625
4 0.67578125 0.66796875 0.03515625 0.0625
4 0.724609375 0.6953125 0.03125 0.02734375