0 0.58203125 0.32421875 0.08984375 0.07421875
2 0.05078125 0.57421875 0.1015625 0.09375
6 0.966796875 0.505859375 0.06640625 0.10546875
3 0.919921875 0.5390625 0.06640625 0.1015625
6 0.75 0.62109375 0.07421875 0.09765625
3 0.703125 0.640625 0.08984375 0.09375
3 0.669921875 0.65625 0.06640625 0.1015625
3 0.62109375 0.6796875 0.0859375 0.09375
3 0.576171875 0.701171875 0.08203125 0.08984375
3 0.5 0.681640625 0.0625 0.125
3 0.44921875 0.693359375 0.08203125 0.10546875
3 0.400390625 0.71875 0.07421875 0.09375
3 0.365234375 0.7421875 0.08203125 0.08203125
3 0.322265625 0.76171875 0.078125 0.08984375
3 0.240234375 0.787109375 0.08203125 0.0859375
3 0.224609375 0.8203125 0.078125 0.0859375
3 0.185546875 0.8359375 0.07421875 0.09765625
3 0.107421875 0.810546875 0.07421875 0.08984375
3 0.0546875 0.888671875 0.0859375 0.08984375
5 0.0703125 0.833984375 0.07421875 0.10546875