3 0.185546875 0.20703125 0.10546875 0.05859375
4 0.34375 0.109375 0.0859375 0.05078125
0 0.416015625 0.361328125 0.05859375 0.08984375
6 0.380859375 0.576171875 0.05078125 0.0859375
0 0.408203125 0.44921875 0.0546875 0.08203125
6 0.248046875 0.703125 0.08203125 0.0390625
3 0.265625 0.654296875 0.09765625 0.05078125
3 0.36328125 0.6875 0.0546875 0.09375
4 0.19921875 0.74609375 0.140625 0.0703125
3 0.1796875 0.8515625 0.046875 0.09375
3 0.26171875 0.81640625 0.08984375 0.04296875
3 0.48828125 0.939453125 0.0234375 0.0625
3 0.560546875 0.611328125 0.03515625 0.08203125
6 0.935546875 0.341796875 0.109375 0.0546875
3 0.5390625 0.70703125 0.03125 0.078125