3 0.69921875 0.064453125 0.07421875 0.08984375
3 0.66015625 0.18359375 0.08203125 0.0859375
3 0.62890625 0.279296875 0.07421875 0.11328125
3 0.572265625 0.44140625 0.1015625 0.07421875
3 0.54296875 0.505859375 0.08984375 0.06640625
0 0.525390625 0.56640625 0.12109375 0.078125
3 0.48828125 0.6640625 0.09375 0.0703125
5 0.443359375 0.794921875 0.09765625 0.07421875
3 0.369140625 0.974609375 0.10546875 0.05078125
5 0.5546875 0.900390625 0.0703125 0.09765625
3 0.76171875 0.720703125 0.09375 0.078125