3 0.095703125 0.04296875 0.08984375 0.0859375
3 0.078125 0.095703125 0.0859375 0.1015625
3 0.041015625 0.228515625 0.08203125 0.10546875
3 0.15234375 0.27734375 0.09375 0.09765625
3 0.201171875 0.193359375 0.09375 0.09375
3 0.23046875 0.0625 0.09765625 0.05859375
4 0.2265625 0.021484375 0.1171875 0.04296875
4 0.2265625 0.125 0.12890625 0.10546875
3 0.03515625 0.369140625 0.0703125 0.0859375
3 0.025390625 0.455078125 0.05078125 0.08203125
3 0.0234375 0.5390625 0.046875 0.08203125
2 0.11328125 0.50390625 0.109375 0.109375
3 0.111328125 0.6015625 0.09765625 0.109375
3 0.052734375 0.865234375 0.078125 0.078125
3 0.041015625 0.935546875 0.08203125 0.08203125
2 0.404296875 0.5703125 0.09765625 0.10546875
3 0.5 0.01953125 0.06640625 0.0390625
3 0.49609375 0.0625 0.078125 0.046875
3 0.48046875 0.126953125 0.0625 0.046875
3 0.46875 0.181640625 0.06640625 0.05078125
3 0.44921875 0.244140625 0.0703125 0.05078125
3 0.46484375 0.396484375 0.0546875 0.109375
3 0.537109375 0.4140625 0.07421875 0.11328125
3 0.6015625 0.42578125 0.06640625 0.109375
3 0.6640625 0.4453125 0.078125 0.11328125
3 0.7265625 0.447265625 0.06640625 0.1015625
3 0.791015625 0.466796875 0.07421875 0.1015625
3 0.861328125 0.4921875 0.07421875 0.11328125
3 0.9296875 0.509765625 0.0703125 0.11328125
3 0.64453125 0.599609375 0.0859375 0.10546875
3 0.7109375 0.619140625 0.09375 0.10546875
3 0.7734375 0.638671875 0.078125 0.09765625
3 0.8203125 0.669921875 0.1015625 0.08984375
3 0.8984375 0.671875 0.08203125 0.10546875
3 0.98046875 0.7109375 0.0390625 0.0625
3 0.31640625 0.7578125 0.109375 0.0859375
3 0.294921875 0.841796875 0.08984375 0.078125
3 0.298828125 0.90234375 0.06640625 0.07421875
3 0.294921875 0.966796875 0.05078125 0.0625
3 0.45703125 0.7421875 0.09765625 0.08984375
0 0.5234375 0.755859375 0.0703125 0.09375
3 0.587890625 0.7578125 0.0703125 0.0703125
3 0.75390625 0.791015625 0.1015625 0.08203125
3 0.826171875 0.80859375 0.07421875 0.07421875
3 0.890625 0.818359375 0.07421875 0.0859375
3 0.966796875 0.833984375 0.06640625 0.0703125