0 0.62890625 0.05078125 0.06640625 0.1015625
3 0.455078125 0.06640625 0.109375 0.08984375
3 0.44140625 0.138671875 0.12890625 0.0703125
3 0.427734375 0.197265625 0.1328125 0.078125
3 0.404296875 0.26953125 0.11328125 0.06640625
6 0.41015625 0.333984375 0.11328125 0.0859375
0 0.5703125 0.396484375 0.05859375 0.11328125
3 0.537109375 0.53125 0.0703125 0.1171875
3 0.3828125 0.4453125 0.109375 0.0859375
6 0.3828125 0.505859375 0.1328125 0.078125
3 0.36328125 0.5703125 0.1015625 0.078125
3 0.34765625 0.626953125 0.1328125 0.0859375
6 0.322265625 0.75390625 0.10546875 0.078125
3 0.25390625 0.953125 0.109375 0.0625
3 0.23828125 0.982421875 0.109375 0.03515625