4 0.802734375 0.1484375 0.15234375 0.08203125
3 0.970703125 0.43359375 0.0546875 0.10546875
3 0.884765625 0.38671875 0.06640625 0.1015625
3 0.849609375 0.416015625 0.06640625 0.09375
3 0.830078125 0.466796875 0.078125 0.08984375
3 0.779296875 0.451171875 0.046875 0.10546875
5 0.73828125 0.48046875 0.0703125 0.09375
5 0.71484375 0.517578125 0.07421875 0.09375
5 0.677734375 0.552734375 0.078125 0.09765625
5 0.634765625 0.5703125 0.078125 0.109375
6 0.587890625 0.59765625 0.07421875 0.1015625
6 0.53125 0.599609375 0.05859375 0.09375
6 0.5 0.62109375 0.08203125 0.0859375
5 0.451171875 0.638671875 0.078125 0.09765625
0 0.421875 0.6796875 0.09375 0.109375
0 0.4140625 0.740234375 0.0703125 0.0859375
3 0.337890625 0.71484375 0.0703125 0.09765625
3 0.29296875 0.720703125 0.078125 0.109375
3 0.248046875 0.732421875 0.05859375 0.09375
3 0.234375 0.8046875 0.07421875 0.078125
3 0.119140625 0.7734375 0.06640625 0.08203125
5 0.162109375 0.7578125 0.06640625 0.0859375
5 0.19921875 0.912109375 0.0859375 0.08984375