3 0.87890625 0.1015625 0.13671875 0.08203125
3 0.908203125 0.216796875 0.10546875 0.05859375
0 0.923828125 0.275390625 0.12890625 0.06640625
6 0.927734375 0.33984375 0.11328125 0.0625
3 0.939453125 0.38671875 0.12109375 0.0546875
3 0.94921875 0.44140625 0.1015625 0.05859375
3 0.955078125 0.572265625 0.08984375 0.05859375
3 0.970703125 0.689453125 0.05859375 0.05078125
6 0.734375 0.6796875 0.0703125 0.10546875
0 0.65625 0.95703125 0.11328125 0.078125
3 0.755859375 0.9453125 0.09375 0.0546875
3 0.71875 0.517578125 0.0703125 0.1015625
2 0.751953125 0.791015625 0.0625 0.125