6 0.072265625 0.048828125 0.10546875 0.0546875
3 0.29296875 0.103515625 0.0625 0.04296875
3 0.458984375 0.134765625 0.1015625 0.0546875
2 0.705078125 0.078125 0.05078125 0.09765625
3 0.1875 0.072265625 0.1015625 0.0546875
3 0.048828125 0.1640625 0.09375 0.0546875
4 0.630859375 0.298828125 0.10546875 0.0546875
2 0.5703125 0.1640625 0.09765625 0.05859375
4 0.513671875 0.259765625 0.09375 0.0546875
4 0.173828125 0.19140625 0.1015625 0.0546875
4 0.390625 0.234375 0.0859375 0.05078125
5 0.28125 0.212890625 0.08984375 0.046875