3 0.361328125 0.267578125 0.13671875 0.07421875
3 0.341796875 0.328125 0.12890625 0.06640625
2 0.33203125 0.37890625 0.140625 0.0703125
3 0.322265625 0.435546875 0.12109375 0.0625
3 0.3046875 0.478515625 0.11328125 0.0546875
0 0.41015625 0.5 0.12890625 0.07421875
2 0.310546875 0.52734375 0.12890625 0.046875
2 0.302734375 0.58984375 0.109375 0.0703125
2 0.251953125 0.6953125 0.10546875 0.06640625
4 0.259765625 0.755859375 0.15234375 0.08984375
3 0.21875 0.814453125 0.1171875 0.0703125
3 0.130859375 0.87109375 0.12109375 0.0625
6 0.03125 0.9140625 0.05859375 0.16015625
3 0.986328125 0.728515625 0.02734375 0.05859375
3 0.97265625 0.798828125 0.0546875 0.0703125
3 0.9609375 0.857421875 0.078125 0.07421875
3 0.783203125 0.962890625 0.140625 0.05859375
3 0.955078125 0.9453125 0.08984375 0.06640625
3 0.943359375 0.982421875 0.10546875 0.03515625
3 0.69921875 0.275390625 0.0546875 0.0859375
4 0.642578125 0.296875 0.0546875 0.1328125