5 0.05859375 0.443359375 0.0859375 0.11328125
6 0.12890625 0.43359375 0.09765625 0.12109375
5 0.197265625 0.419921875 0.0859375 0.12109375
3 0.28125 0.4375 0.078125 0.1171875
3 0.34765625 0.41796875 0.10546875 0.1171875
3 0.439453125 0.435546875 0.1015625 0.11328125
3 0.4921875 0.4140625 0.08984375 0.109375
3 0.544921875 0.388671875 0.0859375 0.12890625
4 0.654296875 0.390625 0.09375 0.140625
6 0.712890625 0.353515625 0.0859375 0.125
3 0.83203125 0.3203125 0.0859375 0.1015625
3 0.90625 0.310546875 0.06640625 0.10546875
4 0.962890625 0.306640625 0.06640625 0.14453125