6 0.267578125 0.892578125 0.09375 0.12109375
3 0.310546875 0.8515625 0.078125 0.09375
6 0.365234375 0.83984375 0.08984375 0.12109375
6 0.423828125 0.8203125 0.07421875 0.0859375
3 0.498046875 0.724609375 0.07421875 0.08984375
3 0.55078125 0.7109375 0.0703125 0.0859375
3 0.5859375 0.67578125 0.07421875 0.09765625
3 0.634765625 0.658203125 0.05859375 0.08984375
3 0.689453125 0.638671875 0.078125 0.08203125
3 0.7734375 0.548828125 0.07421875 0.10546875
3 0.82421875 0.53125 0.0703125 0.09375
3 0.87109375 0.501953125 0.078125 0.09765625
3 0.123046875 0.849609375 0.08203125 0.07421875
3 0.087890625 0.97265625 0.04296875 0.0546875
3 0.26171875 0.970703125 0.0703125 0.05859375