3 0.482421875 0.234375 0.08203125 0.09765625
3 0.544921875 0.341796875 0.09765625 0.10546875
3 0.611328125 0.44140625 0.07421875 0.08984375
3 0.65234375 0.548828125 0.08203125 0.09765625
3 0.703125 0.546875 0.0859375 0.1015625
3 0.75390625 0.5234375 0.06640625 0.0859375
3 0.8046875 0.49609375 0.0859375 0.09765625
0 0.908203125 0.423828125 0.078125 0.08984375
3 0.951171875 0.3984375 0.07421875 0.09375
2 0.431640625 0.1640625 0.109375 0.0859375
3 0.390625 0.1171875 0.09375 0.07421875
3 0.3203125 0.02734375 0.109375 0.0546875
0 0.306640625 0.134765625 0.07421875 0.08984375
0 0.08203125 0.1640625 0.09375 0.0859375
3 0.58203125 0.83984375 0.06640625 0.078125
3 0.671875 0.888671875 0.05859375 0.08984375
3 0.890625 0.86328125 0.0859375 0.09375
5 0.72265625 0.91015625 0.0625 0.07421875
3 0.060546875 0.76953125 0.09765625 0.0625