3 0.02734375 0.02734375 0.0546875 0.0546875
0 0.044921875 0.109375 0.08984375 0.109375
0 0.1484375 0.1640625 0.1171875 0.0859375
3 0.794921875 0.203125 0.12109375 0.0859375
3 0.2265625 0.3984375 0.1171875 0.0703125
3 0.185546875 0.46484375 0.10546875 0.07421875
3 0.25 0.5625 0.0625 0.10546875
3 0.111328125 0.78515625 0.09375 0.078125
6 0.115234375 0.876953125 0.1328125 0.078125
3 0.095703125 0.970703125 0.10546875 0.05859375
2 0.59375 0.44140625 0.12109375 0.0625
2 0.572265625 0.505859375 0.10546875 0.0859375
3 0.5859375 0.58203125 0.10546875 0.07421875
3 0.525390625 0.634765625 0.09765625 0.08984375
3 0.42578125 0.384765625 0.0546875 0.1171875
0 0.484375 0.68359375 0.1015625 0.07421875
3 0.439453125 0.751953125 0.10546875 0.06640625
4 0.517578125 0.85546875 0.17578125 0.10546875
3 0.486328125 0.92578125 0.11328125 0.07421875
4 0.86328125 0.357421875 0.1875 0.109375
3 0.990234375 0.1796875 0.01953125 0.05859375
3 0.98046875 0.55859375 0.0390625 0.08984375
4 0.78515625 0.52734375 0.05078125 0.11328125