0 0.154296875 0.13671875 0.09765625 0.07421875
6 0.212890625 0.1640625 0.0859375 0.05859375
4 0.1953125 0.244140625 0.19921875 0.13671875
4 0.28515625 0.3359375 0.09375 0.0703125
4 0.306640625 0.380859375 0.12890625 0.10546875
4 0.330078125 0.427734375 0.10546875 0.07421875
3 0.35546875 0.47265625 0.08984375 0.0703125
4 0.3828125 0.505859375 0.1015625 0.07421875
4 0.388671875 0.560546875 0.1015625 0.0703125
4 0.4140625 0.603515625 0.10546875 0.08203125
4 0.4609375 0.640625 0.14453125 0.1015625
0 0.45703125 0.515625 0.078125 0.1015625
4 0.69921875 0.578125 0.20703125 0.31640625
4 0.8671875 0.86328125 0.21484375 0.2734375
0 0.638671875 0.017578125 0.09765625 0.03515625
3 0.66796875 0.056640625 0.09765625 0.0703125
3 0.6875 0.109375 0.09375 0.0859375
3 0.708984375 0.171875 0.08203125 0.10546875
3 0.751953125 0.21484375 0.08203125 0.08203125
3 0.7890625 0.28125 0.0859375 0.0703125
3 0.80859375 0.3203125 0.1015625 0.06640625
6 0.82421875 0.359375 0.11328125 0.0625
3 0.8515625 0.40625 0.0859375 0.06640625
3 0.87109375 0.45703125 0.07421875 0.06640625
3 0.89453125 0.5078125 0.08203125 0.08984375
0 0.921875 0.5546875 0.09375 0.0859375
0 0.970703125 0.68359375 0.05859375 0.08984375
0 0.98828125 0.7421875 0.0234375 0.0625