0 0.1796875 0.04296875 0.06640625 0.0859375
3 0.2421875 0.056640625 0.0546875 0.09375
3 0.291015625 0.068359375 0.04296875 0.078125
3 0.3515625 0.08203125 0.046875 0.07421875
3 0.3984375 0.08984375 0.05078125 0.0625
2 0.494140625 0.115234375 0.09375 0.05859375
6 0.783203125 0.02734375 0.08984375 0.0546875
6 0.904296875 0.033203125 0.09765625 0.05859375
3 0.982421875 0.388671875 0.03515625 0.08984375
3 0.921875 0.796875 0.04296875 0.09765625
0 0.453125 0.8125 0.1015625 0.06640625
6 0.279296875 0.77734375 0.09375 0.07421875
3 0.0546875 0.8671875 0.0546875 0.1015625
3 0.01171875 0.861328125 0.0234375 0.1015625
3 0.11328125 0.87890625 0.05078125 0.10546875
0 0.16796875 0.892578125 0.05078125 0.09765625
3 0.232421875 0.91015625 0.05078125 0.08203125
3 0.28515625 0.91796875 0.05078125 0.0859375
3 0.32421875 0.927734375 0.0390625 0.0859375
3 0.431640625 0.953125 0.05078125 0.09375
3 0.474609375 0.958984375 0.0546875 0.08203125
3 0.79296875 0.88671875 0.10546875 0.06640625