3 0.095703125 0.701171875 0.05859375 0.06640625
4 0.140625 0.6796875 0.06640625 0.05859375
4 0.177734375 0.6015625 0.14453125 0.1171875
4 0.25 0.58203125 0.07421875 0.109375
4 0.296875 0.53125 0.09375 0.140625
4 0.384765625 0.54296875 0.05859375 0.09375
4 0.42578125 0.48046875 0.1015625 0.140625
4 0.44921875 0.4140625 0.12109375 0.109375
3 0.513671875 0.505859375 0.05078125 0.0625
3 0.5546875 0.482421875 0.05859375 0.0703125
5 0.599609375 0.45703125 0.05859375 0.0625
5 0.68359375 0.421875 0.05859375 0.046875
3 0.724609375 0.376953125 0.06640625 0.04296875
5 0.822265625 0.341796875 0.0625 0.046875
5 0.880859375 0.3203125 0.05859375 0.0546875
5 0.93359375 0.29296875 0.0625 0.0703125
5 0.96484375 0.27734375 0.0546875 0.0703125
3 0.986328125 0.251953125 0.02734375 0.08203125