3 0.79296875 0.080078125 0.109375 0.14453125
3 0.716796875 0.126953125 0.11328125 0.13671875
3 0.640625 0.16796875 0.125 0.12890625
0 0.556640625 0.197265625 0.10546875 0.12890625
0 0.494140625 0.22265625 0.09765625 0.1328125
3 0.41796875 0.259765625 0.09375 0.12890625
4 0.35546875 0.31640625 0.11328125 0.15234375
4 0.275390625 0.3515625 0.13671875 0.15625
4 0.22265625 0.41015625 0.15625 0.1640625
3 0.119140625 0.427734375 0.1015625 0.15625
3 0.93359375 0.41015625 0.109375 0.140625
0 0.83984375 0.46484375 0.125 0.15625
3 0.69140625 0.65234375 0.10546875 0.15625
3 0.60546875 0.67578125 0.109375 0.140625
3 0.478515625 0.728515625 0.109375 0.140625
3 0.3984375 0.755859375 0.1015625 0.12890625
3 0.326171875 0.78125 0.11328125 0.13671875
3 0.271484375 0.822265625 0.1015625 0.140625
0 0.1953125 0.888671875 0.1328125 0.140625