0 0.185546875 0.23046875 0.0546875 0.08984375
3 0.248046875 0.248046875 0.05078125 0.0859375
3 0.302734375 0.259765625 0.046875 0.078125
3 0.359375 0.267578125 0.0390625 0.0703125
3 0.40625 0.28125 0.0390625 0.0703125
2 0.50390625 0.3125 0.09375 0.05078125
3 0.408203125 0.126953125 0.08984375 0.05859375
3 0.70703125 0.19140625 0.09375 0.0703125
6 0.787109375 0.20703125 0.08984375 0.0703125
6 0.91015625 0.2265625 0.109375 0.05859375
6 0.28515625 0.962890625 0.09375 0.0625
3 0.451171875 0.986328125 0.09765625 0.02734375
3 0.931640625 0.97265625 0.04296875 0.0546875
3 0.978515625 0.71484375 0.04296875 0.08984375
3 0.986328125 0.578125 0.02734375 0.0859375