3 0.748046875 0.31640625 0.08984375 0.13671875
3 0.4296875 0.474609375 0.08984375 0.12109375
3 0.771484375 0.455078125 0.08203125 0.12109375
3 0.89453125 0.4453125 0.08203125 0.1171875
5 0.88671875 0.314453125 0.10546875 0.125
3 0.126953125 0.763671875 0.09375 0.14453125
3 0.2578125 0.732421875 0.0859375 0.12109375
3 0.349609375 0.7265625 0.0703125 0.1328125
3 0.41796875 0.70703125 0.06640625 0.11328125
3 0.484375 0.822265625 0.125 0.0703125
3 0.73046875 0.6875 0.08203125 0.13671875
3 0.986328125 0.666015625 0.02734375 0.12109375
5 0.541015625 0.720703125 0.08984375 0.125