3 0.46875 0.68359375 0.109375 0.15234375
3 0.326171875 0.01953125 0.16796875 0.0390625
3 0.779296875 0.955078125 0.12890625 0.08984375
3 0.703125 0.87109375 0.1484375 0.109375
3 0.66015625 0.8125 0.13671875 0.10546875
3 0.654296875 0.728515625 0.1328125 0.1171875
3 0.578125 0.53125 0.15625 0.1015625
3 0.533203125 0.455078125 0.13671875 0.109375
3 0.486328125 0.392578125 0.1484375 0.08984375
3 0.45703125 0.318359375 0.15234375 0.12890625
2 0.41796875 0.26171875 0.16015625 0.1015625
3 0.41015625 0.185546875 0.140625 0.09765625
3 0.3828125 0.109375 0.1328125 0.0859375
3 0.33984375 0.064453125 0.15234375 0.08984375