4 0.951171875 0.21484375 0.09765625 0.1796875
4 0.939453125 0.400390625 0.12109375 0.3046875
3 0.6640625 0.88671875 0.24609375 0.171875
3 0.470703125 0.076171875 0.08203125 0.109375
3 0.5234375 0.05078125 0.0625 0.08984375
3 0.564453125 0.037109375 0.08984375 0.07421875
3 0.59375 0.029296875 0.07421875 0.05859375
3 0.736328125 0.42578125 0.10546875 0.0625
3 0.642578125 0.462890625 0.078125 0.05859375
3 0.5703125 0.501953125 0.09765625 0.0625
3 0.486328125 0.671875 0.09765625 0.0546875
3 0.546875 0.62890625 0.078125 0.046875
3 0.61328125 0.6953125 0.08984375 0.0546875
3 0.76953125 0.619140625 0.08984375 0.06640625
3 0.84765625 0.5703125 0.0859375 0.06640625
3 0.923828125 0.728515625 0.12109375 0.06640625
3 0.822265625 0.81640625 0.12109375 0.05859375
0 0.853515625 0.412109375 0.09765625 0.0703125
6 0.806640625 0.490234375 0.1015625 0.09375
6 0.712890625 0.537109375 0.10546875 0.06640625
6 0.634765625 0.580078125 0.0859375 0.0625
6 0.6328125 0.63671875 0.09765625 0.0703125
6 0.72265625 0.591796875 0.1328125 0.078125
6 0.80859375 0.5390625 0.1171875 0.0703125
6 0.89453125 0.494140625 0.109375 0.0703125
6 0.888671875 0.439453125 0.1171875 0.05859375
5 0.439453125 0.255859375 0.1171875 0.07421875
5 0.51171875 0.380859375 0.09765625 0.078125
5 0.69921875 0.359375 0.1015625 0.078125
5 0.662109375 0.0546875 0.07421875 0.0625
5 0.80078125 0.703125 0.08984375 0.0703125
6 0.69921875 0.76171875 0.109375 0.1015625
3 0.02734375 0.185546875 0.0546875 0.06640625