3 0.154296875 0.03515625 0.09765625 0.0703125
3 0.216796875 0.091796875 0.06640625 0.11328125
3 0.25390625 0.146484375 0.05859375 0.09765625
3 0.283203125 0.2109375 0.05859375 0.1171875
0 0.3359375 0.255859375 0.0546875 0.1171875
4 0.392578125 0.353515625 0.10546875 0.109375
3 0.462890625 0.466796875 0.0859375 0.08984375
2 0.962890625 0.697265625 0.07421875 0.10546875
5 0.693359375 0.556640625 0.09765625 0.078125
0 0.796875 0.501953125 0.1015625 0.08984375
5 0.892578125 0.453125 0.10546875 0.08203125
3 0.603515625 0.94140625 0.09765625 0.109375
0 0.654296875 0.9140625 0.09765625 0.1171875
3 0.7109375 0.8984375 0.08984375 0.09765625