3 0.283203125 0.0625 0.05078125 0.08203125
3 0.33203125 0.064453125 0.0703125 0.1015625
3 0.3828125 0.080078125 0.0625 0.08984375
3 0.447265625 0.123046875 0.05859375 0.09375
3 0.5078125 0.130859375 0.05859375 0.10546875
0 0.654296875 0.10546875 0.05859375 0.09765625
3 0.701171875 0.126953125 0.04296875 0.08984375
6 0.740234375 0.1328125 0.05859375 0.08984375
3 0.787109375 0.140625 0.04296875 0.08203125
3 0.849609375 0.15625 0.046875 0.08203125
6 0.921875 0.181640625 0.05078125 0.0859375
6 0.97265625 0.1953125 0.05078125 0.0859375
3 0.9921875 0.234375 0.015625 0.0703125
6 0.169921875 0.455078125 0.08203125 0.10546875
2 0.255859375 0.482421875 0.07421875 0.10546875
3 0.33203125 0.513671875 0.08203125 0.08984375
2 0.43359375 0.53515625 0.1015625 0.09765625
2 0.759765625 0.51953125 0.109375 0.0625
3 0.716796875 0.630859375 0.07421875 0.09765625
3 0.787109375 0.646484375 0.05859375 0.0859375
0 0.8359375 0.662109375 0.06640625 0.1015625