0 0.31640625 0.060546875 0.08203125 0.04296875
3 0.271484375 0.25390625 0.0859375 0.0546875
3 0.2578125 0.3046875 0.08203125 0.04296875
3 0.248046875 0.345703125 0.0859375 0.0546875
3 0.22265625 0.49609375 0.078125 0.04296875
3 0.201171875 0.595703125 0.0859375 0.0546875
3 0.171875 0.775390625 0.0859375 0.046875
0 0.47265625 0.19140625 0.08203125 0.046875
3 0.447265625 0.24609375 0.05859375 0.0390625
3 0.42578125 0.41015625 0.078125 0.046875
3 0.408203125 0.46484375 0.078125 0.04296875
3 0.39453125 0.51953125 0.0859375 0.046875
3 0.380859375 0.61328125 0.078125 0.0625
3 0.3515625 0.69140625 0.0703125 0.0703125
3 0.189453125 0.685546875 0.08203125 0.05078125
3 0.216796875 0.544921875 0.08984375 0.046875
3 0.484375 0.12890625 0.08203125 0.046875
3 0.43359375 0.3515625 0.0859375 0.04296875