3 0.400390625 0.197265625 0.05078125 0.09765625
3 0.24609375 0.1953125 0.0625 0.08984375
3 0.599609375 0.1015625 0.12890625 0.046875
3 0.603515625 0.04296875 0.1171875 0.05078125
3 0.54296875 0.328125 0.12109375 0.05859375
3 0.51171875 0.5234375 0.1015625 0.046875
3 0.541015625 0.4375 0.12109375 0.05859375
3 0.509765625 0.580078125 0.11328125 0.0625
3 0.486328125 0.677734375 0.13671875 0.06640625
2 0.478515625 0.736328125 0.08984375 0.0625
3 0.4609375 0.810546875 0.10546875 0.0546875
3 0.419921875 0.95703125 0.08984375 0.0859375