4 0.423828125 0.4375 0.2890625 0.37890625
4 0.23046875 0.494140625 0.23046875 0.2890625
4 0.125 0.546875 0.23046875 0.33203125
4 0.060546875 0.658203125 0.12109375 0.2578125
4 0.1015625 0.59375 0.203125 0.328125
4 0.55859375 0.521484375 0.16796875 0.20703125
4 0.228515625 0.765625 0.30859375 0.234375
4 0.2890625 0.833984375 0.26171875 0.1640625
5 0.51953125 0.70703125 0.07421875 0.08203125
6 0.4140625 0.666015625 0.0625 0.09375
3 0.759765625 0.50390625 0.0703125 0.08984375
4 0.630859375 0.490234375 0.140625 0.16796875
4 0.6640625 0.62890625 0.20703125 0.15625
3 0.779296875 0.751953125 0.078125 0.07421875
4 0.802734375 0.939453125 0.328125 0.12109375
6 0.451171875 0.591796875 0.12890625 0.12890625