0 0.125 0.107421875 0.1015625 0.08203125
3 0.16796875 0.15234375 0.078125 0.0703125
3 0.1875 0.205078125 0.08984375 0.078125
3 0.30078125 0.38671875 0.078125 0.078125
3 0.2421875 0.296875 0.0859375 0.07421875
3 0.220703125 0.259765625 0.078125 0.07421875
3 0.013671875 0.626953125 0.02734375 0.05859375
4 0.78125 0.876953125 0.3046875 0.2109375
3 0.08203125 0.7734375 0.1015625 0.0703125
3 0.115234375 0.8203125 0.09765625 0.06640625
0 0.12890625 0.8671875 0.09765625 0.08203125
0 0.15234375 0.92578125 0.10546875 0.08203125
3 0.173828125 0.970703125 0.08984375 0.05859375
3 0.03515625 0.6875 0.0703125 0.08984375
6 0.8671875 0.380859375 0.078125 0.10546875
6 0.908203125 0.359375 0.07421875 0.1015625
6 0.9453125 0.337890625 0.0703125 0.09765625
3 0.34375 0.46484375 0.09375 0.078125