0 0.380859375 0.787109375 0.06640625 0.1015625
0 0.38671875 0.958984375 0.0546875 0.08203125
0 0.01953125 0.94140625 0.0390625 0.1015625
3 0.560546875 0.365234375 0.09765625 0.05859375
6 0.654296875 0.33984375 0.1015625 0.06640625
3 0.787109375 0.31640625 0.09765625 0.05859375
3 0.52734375 0.45703125 0.11328125 0.0625
3 0.837890625 0.400390625 0.08984375 0.046875
3 0.365234375 0.54296875 0.0546875 0.08203125
5 0.369140625 0.66796875 0.05859375 0.09375
6 0.361328125 0.34375 0.05859375 0.10546875
3 0.3515625 0.25 0.0546875 0.1015625
3 0.345703125 0.15625 0.05859375 0.1015625
5 0.326171875 0.05078125 0.06640625 0.0859375