3 0.0390625 0.703125 0.078125 0.109375
3 0.142578125 0.966796875 0.11328125 0.06640625
3 0.22265625 0.943359375 0.1328125 0.11328125
3 0.283203125 0.90625 0.12890625 0.12890625
3 0.591796875 0.208984375 0.12109375 0.1171875
3 0.626953125 0.1328125 0.12109375 0.125
3 0.712890625 0.08984375 0.11328125 0.125
0 0.94140625 0.357421875 0.1171875 0.140625
0 0.8828125 0.41015625 0.1328125 0.1328125
4 0.296875 0.451171875 0.13671875 0.12890625
4 0.431640625 0.3125 0.1171875 0.12109375
2 0.5234375 0.267578125 0.1796875 0.15625