5 0.33203125 0.01953125 0.05078125 0.03515625
6 0.37109375 0.044921875 0.06640625 0.05859375
3 0.39453125 0.09765625 0.09375 0.07421875
3 0.41796875 0.296875 0.09765625 0.0859375
3 0.455078125 0.35546875 0.09765625 0.0703125
6 0.486328125 0.439453125 0.09765625 0.05859375
6 0.40625 0.44140625 0.078125 0.125
3 0.302734375 0.482421875 0.09765625 0.109375
0 0.236328125 0.505859375 0.08984375 0.109375
6 0.12109375 0.544921875 0.08984375 0.125
3 0.08203125 0.57421875 0.07421875 0.10546875
5 0.619140625 0.974609375 0.09765625 0.05078125
3 0.6796875 0.9453125 0.09765625 0.08203125
3 0.759765625 0.896484375 0.11328125 0.078125
3 0.8046875 0.84765625 0.10546875 0.0703125
3 0.8671875 0.80859375 0.10546875 0.078125
3 0.91796875 0.76171875 0.08203125 0.0703125
1 0.171875 0.5234375 0.11328125 0.13671875