3 0.7421875 0.10546875 0.078125 0.0859375
3 0.41796875 0.12890625 0.1015625 0.0859375
3 0.373046875 0.16796875 0.08203125 0.07421875
3 0.306640625 0.208984375 0.07421875 0.1015625
2 0.08203125 0.3125 0.078125 0.09375
3 0.763671875 0.412109375 0.07421875 0.078125
3 0.474609375 0.578125 0.0703125 0.09375
3 0.337890625 0.654296875 0.0859375 0.09765625
0 0.29296875 0.671875 0.0703125 0.08203125
3 0.154296875 0.771484375 0.08203125 0.09765625
6 0.115234375 0.794921875 0.0703125 0.09375
5 0.591796875 0.337890625 0.09765625 0.08203125