0 0.052734375 0.544921875 0.10546875 0.0625
3 0.20703125 0.58203125 0.109375 0.0546875
3 0.390625 0.611328125 0.10546875 0.06640625
3 0.892578125 0.744140625 0.10546875 0.0625
3 0.73046875 0.544921875 0.04296875 0.1015625
3 0.66015625 0.583984375 0.08203125 0.0625
3 0.751953125 0.8046875 0.09375 0.05859375
3 0.65234375 0.78515625 0.0859375 0.05859375
3 0.15625 0.666015625 0.1171875 0.05859375
3 0.974609375 0.849609375 0.05078125 0.05859375
6 0.4921875 0.638671875 0.1171875 0.0625
6 0.6640625 0.525390625 0.0859375 0.07421875