1 0.712890625 0.640625 0.20703125 0.09375
3 0.716796875 0.04296875 0.06640625 0.0859375
3 0.775390625 0.0390625 0.046875 0.078125
3 0.822265625 0.0546875 0.046875 0.078125
3 0.9765625 0.048828125 0.046875 0.08203125
3 0.453125 0.78515625 0.08984375 0.0625
3 0.564453125 0.94140625 0.08203125 0.06640625
3 0.498046875 0.9765625 0.046875 0.046875
3 0.404296875 0.96875 0.04296875 0.0625
3 0.35546875 0.96875 0.046875 0.0625
3 0.091796875 0.927734375 0.10546875 0.0703125
2 0.126953125 0.8203125 0.09375 0.06640625
2 0.11328125 0.87109375 0.08984375 0.0546875