0 0.3125 0.048828125 0.09375 0.0546875
6 0.28125 0.1484375 0.09375 0.0546875
3 0.2734375 0.201171875 0.09375 0.04296875
3 0.259765625 0.251953125 0.08984375 0.046875
3 0.15234375 0.69140625 0.04296875 0.1015625
3 0.330078125 0.783203125 0.08984375 0.0625
3 0.09375 0.943359375 0.05078125 0.08984375
3 0.2890625 0.984375 0.078125 0.03125
3 0.181640625 0.513671875 0.04296875 0.0859375
6 0.203125 0.41015625 0.0625 0.08984375
3 0.85546875 0.115234375 0.1015625 0.05859375
3 0.689453125 0.279296875 0.0859375 0.0546875
3 0.833984375 0.2890625 0.0390625 0.09375
6 0.896484375 0.310546875 0.046875 0.08203125
6 0.326171875 0.00390625 0.09765625 0.0078125