3 0.4765625 0.033203125 0.12109375 0.0546875
6 0.47265625 0.087890625 0.1171875 0.0625
2 0.390625 0.322265625 0.10546875 0.0625
3 0.42578125 0.25390625 0.0703125 0.05859375
5 0.4375 0.193359375 0.0703125 0.05078125
3 0.390625 0.38671875 0.1015625 0.05859375
3 0.37109375 0.447265625 0.08984375 0.05859375
2 0.3515625 0.5078125 0.09765625 0.0546875
3 0.34765625 0.5703125 0.09375 0.0546875
3 0.3125 0.740234375 0.1015625 0.0625
5 0.2890625 0.798828125 0.1015625 0.07421875
3 0.283203125 0.86328125 0.08984375 0.0625
2 0.263671875 0.93359375 0.09375 0.0625