2 0.44921875 0.091796875 0.140625 0.0625
3 0.4375 0.033203125 0.12890625 0.05859375
3 0.13671875 0.05859375 0.09375 0.109375
3 0.15625 0.177734375 0.078125 0.1015625
3 0.447265625 0.154296875 0.1484375 0.05859375
3 0.451171875 0.20703125 0.125 0.0703125
3 0.4609375 0.271484375 0.12109375 0.078125
0 0.59375 0.302734375 0.12890625 0.08203125
0 0.849609375 0.2578125 0.12890625 0.0625
3 0.962890625 0.236328125 0.07421875 0.06640625
2 0.5546875 0.4609375 0.1484375 0.08984375
3 0.69921875 0.443359375 0.1171875 0.06640625
2 0.861328125 0.40625 0.1484375 0.08203125
0 0.20703125 0.455078125 0.11328125 0.140625
3 0.23046875 0.599609375 0.0859375 0.12890625
3 0.26953125 0.833984375 0.1484375 0.0703125
3 0.509765625 0.541015625 0.12890625 0.078125
3 0.521484375 0.71484375 0.1484375 0.109375
5 0.544921875 0.888671875 0.1484375 0.09765625
3 0.53125 0.806640625 0.1328125 0.08984375
5 0.298828125 0.978515625 0.12109375 0.04296875
0 0.56640625 0.97265625 0.140625 0.0546875
3 0.72265625 0.28515625 0.125 0.078125