2 0.26171875 0.115234375 0.0703125 0.11328125
2 0.23828125 0.228515625 0.0703125 0.12109375
3 0.181640625 0.34765625 0.10546875 0.09375
3 0.48046875 0.06640625 0.078125 0.109375
3 0.439453125 0.2109375 0.07421875 0.1328125
3 0.412109375 0.3515625 0.0625 0.11328125
6 0.5234375 0.4765625 0.12890625 0.078125
3 0.748046875 0.5546875 0.05078125 0.10546875
3 0.13671875 0.650390625 0.05859375 0.1171875
0 0.193359375 0.669921875 0.0625 0.1171875
0 0.25390625 0.697265625 0.0703125 0.109375
3 0.0234375 0.642578125 0.046875 0.11328125
3 0.935546875 0.84765625 0.11328125 0.05859375