6 0.5546875 0.35546875 0.07421875 0.1328125
2 0.7890625 0.326171875 0.12109375 0.0703125
3 0.962890625 0.328125 0.07421875 0.08203125
3 0.419921875 0.060546875 0.0703125 0.08984375
3 0.59765625 0.0625 0.08984375 0.10546875
2 0.546875 0.50390625 0.0703125 0.1171875
3 0.826171875 0.44921875 0.08203125 0.09375
6 0.86328125 0.41796875 0.109375 0.125
6 0.626953125 0.560546875 0.109375 0.1171875
3 0.712890625 0.50390625 0.07421875 0.078125
6 0.732421875 0.66015625 0.109375 0.11328125
5 0.578125 0.6171875 0.07421875 0.08203125