4 0.94140625 0.603515625 0.1015625 0.12109375
4 0.86328125 0.6640625 0.15234375 0.125
3 0.822265625 0.705078125 0.109375 0.09765625
4 0.748046875 0.744140625 0.12890625 0.15625
3 0.69140625 0.783203125 0.09375 0.09375
2 0.640625 0.80859375 0.0859375 0.09375
3 0.6015625 0.841796875 0.0859375 0.0859375
3 0.552734375 0.873046875 0.08203125 0.10546875
3 0.505859375 0.89453125 0.08203125 0.09375
4 0.44140625 0.939453125 0.109375 0.12109375
3 0.12109375 0.947265625 0.109375 0.0625
3 0.107421875 0.7890625 0.1171875 0.0546875
3 0.1015625 0.736328125 0.09765625 0.0546875
3 0.021484375 0.783203125 0.04296875 0.09765625
3 0.076171875 0.6328125 0.109375 0.0625
3 0.08203125 0.580078125 0.125 0.05078125
3 0.044921875 0.259765625 0.08203125 0.05078125
3 0.044921875 0.42578125 0.08984375 0.0546875
5 0.931640625 0.890625 0.13671875 0.125