3 0.318359375 0.791015625 0.1328125 0.1328125
3 0.255859375 0.609375 0.1953125 0.09375
6 0.154296875 0.15625 0.140625 0.14453125
6 0.2109375 0.212890625 0.1484375 0.1328125
5 0.2578125 0.271484375 0.15234375 0.13671875
6 0.341796875 0.37109375 0.17578125 0.12890625
6 0.37109375 0.46484375 0.1640625 0.1328125
3 0.71875 0.7890625 0.140625 0.140625
3 0.84375 0.947265625 0.1640625 0.10546875
0 0.66015625 0.126953125 0.11328125 0.125
6 0.951171875 0.490234375 0.09765625 0.15625
3 0.798828125 0.8828125 0.18359375 0.1640625